149.3
148.9
148.4
148.2
148.4
148.3
149.2
149.1
150.4
150.2
151.4
152.6
153.1
153.5
153.4
154.1
155.5
156.9
156.5
156.5
156.3
155.6
154.4
156.5
158.1
158.8
159.4
159.7
160.5
161
161.5
162.1
162.2
161.7
164.2
166.2
166.2
165.9
166.9
167.1
166.8
167.5
167
167
167.1
166.9
166.6
168.3
167.3
165.8
166
165.9
165.4
165.3
166.3
168.3
168
169.5
170.1
169.7
170.5
170.5
171
170.9
171.1
170.1
172.3
171.2
169.8
168.5
169.3
168.4
167.9
166.4
167.4
168
168.9
168.7
168
169.7
172.8
174.1
176
177.8
180.1
180
181.7
180.1
181.2
181.5
181.9
181
180.7
180.7
180.9
181.6
181.9
179.3
178.2
178.3
179.8
181
181.6
182.4
181.9
181.3
181.2
181.3
181
181.9
181.2
180.2
179.3
176.5
175.2
173.1
171.5
171.3
171.8
171
169.6
170
171
172.4
173.2
173.4
174.4
174.2
173.9
174.8
175.9
175.3
175.4
175.3
175.4
173.9
174.5
175.6
176.3
177.5
176.1
176.6
175.2
174.6
174
172.1
169.7
168.4
166.8
166.3
167.1
168.7
170.2
169.8
168.4
168.2
169.6
169.9
171.2
171
170.3
168.9
167.7
166.7
166.8
166.4
165.3
165.1
164.1
163.6
162.5
162.3
162.2
161.9
160.6
159.4
160.1
161.1
162.2
163.6
164
163.6
162.4
161.5
160.3
159.4
159.5
159.5
159.6
159.3
159.3
159.3
159
160.1
159.5
159.7
159.7
159.5
159.3
159.3
159.6
160.9
160.8
160.5
160.9
161.3
160.7
160.4
160
159.5
158
157.1
156.4
156.4
157.3
156.6
157.5
157
156.6
156.4
156.4
154.1
152.4
150.3
150.5
150.3
150
150.2
151.1
149.9
149.8
148.6
148
148.4
147.2
147.2
147.4
146.8
147.7
148.4
149.2
148.8
148.7
148.2
147.2
147.1
146.3
145.8
144.1
144.1
144.5
143.4
142.8
143.5
143.9
143.1
144
144.2
146.8
146.8
146.2
147
147.1
147.1
147.7
146.1
146.6
146.7
147.6
147.6
145.6
145
146.1
146.8
146
146
146.6
147.1
147.5
147.6
148.5
149.9
149.4
149.7
149.8
149.7
149.5
149.2
148.5
148.1
149.1
149.4
149
148.9
147.8
147.3
146.7
146
145.1
144
143.8
144.1
145.3
145
144.9
144.8
144.7
144.3
145.2
145.3
145.7
145.7
145.3
145.7
144.9
144.9
143.9
143.8
144.1
144.8
145
146
145.7
145.2
144.4
145.1
145.3
145.9
146.8
146.9
146.8
147.2
147.3
147.9
148.8
147.6
147.5
147.2
146.8
146.6
145.9
145
144.5
143.8
143.6
145.4
145.9
145.9
146
144
143.5
143.4
143.5
142.9
142.4
142.1
141
140.8
140.4
140.7
139.9
140.6
141.3
141
141.1
140.3
138.5
137.6
137.3
136.9
136.4
136.6
136.4
136.4
135.2
133.3
133.6
134.3
133.8
134.1
134.2
134.1
135
133.9
133.6
134.3
133
132.8
132.4
132.9
133.8
134
134.7
135.7
136.6
135.6
135.6
135.8
135.9
137.4
137.3
135.9
134.9
134.5
134.3
133.9
133.8
133.7
134.1
132.6
133.4
133.7
133.6
133.3
133.8
133.7
133.2
132.8
132.2
131.2
131.4
130.3
129.8
128.8
128.6
129.4
129.5
129.8
128.7
128.8
128
128
128.1
128.5
128.1
127.4
126.4
125.7
125.9
126.3
126.7
127.3
127.4
126.9
126.2
125.3
125.3
124.6
123.5
122.7
121.9
122.3
121.9
123
123
123.4
123.4
123.6
123.2
122.9
123.3
122.1
121.9
122.1
121.9
121.8
122.2
122
121.3
120.6
119.5
118.7
118.2
118.3
117.1
116.3
116.9
116.6
116.5
116
115.5
114.8
114.8
114.6
115.4
115.9
115.8
115.1
114.3
113.5
113.8
112.2
112.3
112.4
112.6
112
112.1
112.1
112.6
112.4
112.7
111.9
111
110.3
110.3
110
109.3
109
108.7
108.3
107.8
107.3
106.2
105.5
104.8
105
104.8
104.9
104.6
103.1
103.2
102.6
102.4
102.7
102.1
101.9
101.8
100.9
100.3
99.8
99.5
99.2
99.3
99
97.8
98.2
97.8
97
95.3
94.4
92.9
91.9
91.6
91.4
91.5
91.4
91.1
91.3
90.9
90.6
89.7
89.4
89.1
88.4
88.2
87.7
87.6
88.1
88.1
88.2
88.5
88.6
88
87.6
87.3
87.4
87.2
87.5
87.9
88.1
88.7
89.3
89
89
89
88.8
88.5
88.5
88.2
88.3
88.1
88.1
87.9
87.8
88.1
87.7
86.6
86.2
85.6
86
85.9
85.8
85.8
84.8
84.5
84.6
84.7
84.5
84.7
84.9
84.4
84.3
83.3
83.1
82.6
82.5
83
83.3
83
82.8
82.7
82.9
82.6
82.8
82.9
83.5
83.7
83.4
84
84.1
83.6
82.6
81.8
81.6
81.3
81.2
80.8
80.5
80.1
79.9
80
80
80.1
79.1
78.9
78.4
78.1
78.1
77.9
78
77.8
77.5
77.9
78.1
78
77.3
76.2
75.9
75.4
75.2
75.1
74.7
75
74.4
74
73.8
73.5
73.4
73.2
72.9
72.8
72.6
72.3
72.2
72
72
71.9
71.7
71.8
71.6
71.5
71.3
70.6
70.8
70.5
70
69.9
70.2
70.5
70.7
70.8
70.9
71.1
71.2
70.8
70.6
70.6
70.4
70
69.6
69.2
68.7
68.6
68.6
68.8
68.6
68.6
68.6
67.9
67.2
66.7
66.3
66
65.5
65.7
65.5
65.5
65.2
65.1
64.7
64.3
64.1
64.2
64.1
63.9
64
63.2
62.7
62.1
61.5
61.6
61.2
60.9
60.7
60.6
60.8
60.6
60.2
61.3
61.7
61.1
60.9
60.9
60.9
60.3
60.4
60.2
60.3
60.5
60.6
60.5
60
59.8
59.5
58.9
58.7
58.6
58.1
57.6
57.4
57.5
57.8
58.2
58.4
58.3
58.3
58
57.9
57.7
58
58.3
58.1
58.1
57.8
57.7
57.4
57.3
57.2
57
56.5
55.9
55.8
55.6
55.5
55.3
55
54.9
55
55
55.1
55
55.4
55.6
55.7
55.4
54.9
54.3
54
53.8
53.4
53.2
53
52.9
52.7
52.3
52.1
51.6
51.5
51.5
51.3
51.7
51.6
51.6
51.5
51.4
51.1
50.8
50.6
50.3
49.9
49.7
49.3
49.2
48.8
48.5
48.3
48
47.7
47.7
47.5
47.5
47.3
47.3
47
46.4
46.3
45.9
45.9
46.1
45.6
45.5
45
45.1
45.1
45
44.8
45
44.8
44.6
44.1
43.9
43.4
43.4
43.3
42.8
42.5
42.2
42
41.8
41.7
41.4
41.3
41.1
40.9
40.7
40.3
40.1
40.2
40
39.7
39.8
39.7
39.6
39.4
39.4
39.4
39.5
39.6
39.9
40.2
39.9
39.7
39.7
39.4
39.1
38.9
38.9
39
39.1
38.8
39
38.9
39.1
39.4
39.5
39.3
39
39
39
39
38.5
38.1
38.4
38.4
38.3
38.3
38.1
38.1
37.9
38.1
38
37.9
37.9
37.6
37.4
37.2
37
36.6
36.5
36.3
36.1
35.9
36
35.5
35.6
35.7
35.5
35.4
35.2
35.2
35.5
35.6
35.8
35.9
36
35.9
35.9
35.7
35.7
35.6
35.8
35.8
35.6
35.6
35.7
35.6
35.7
35.9
35.6
35.4
35.5
35.6
35.8
35.8
35.6
35.5
35.7
35.8
35.8
35.6
35.6
35.6
35.7
35.7
35.6
35.4
35.4
35.5
35.2
35.1
34.8
34.8
34.8
34.8
34.8
34.9
35
35.2
35.4
35.4
35.4
35.6
35.5
35.2
35.1
35.2
35.2
34.8
34.8
35
35.1
35.2
35.2
35
34.9
34.9
34.8
34.8
34.7
34.8
34.8
34.7
34.6
34.8
34.7
34.6
34.4
34.3
34.2
34.4
34.4
34.5
34.5
35.1
35.2
35
35.1
34.7
34.4
34.3
34.4
34.3
34.4
34.6
34.4
34.2
34.1
34.1
33.9
33.9
33.6
33.6
33.6
33.3
32.8
32.7
32.7
32.9
32.8
32.8
32.8
32.7
32.8
32.8
32.7
32.6
32.6
32.4
32
31.8
32.2
32.2
32.2
32.1
32.2
32.4
32.2
32.1
31.9
31.7
31.6
31.3
31.4
31.2
31.1
31
30.8
30.6
30.5
30.7
30.8
30.9
30.9
31
31.1
30.9
30.7
30.7
30.7
30.6
30.5
30.3
30.3
30.3
30.4
30.1
29.7
29.8
29.8
29.6
29.6
29.6
29.7
29.8
29.8
29.9
29.9
29.8
29.7
30
30.3
30.2
30.1
29.9
30
29.8
29.9
29.9
30
30
30
30
30
30
29.9
30.2
30.2
30
29.8
29.7
29.6
29.7
29.7
29.7
29.8
29.7
29.6
29.7
29.8
29.5
29.2
29.3
29.2
29.4
29.5
29.7
29.9
30
30
30.1
30.2
30.1
29.8
29.6
29.7
29.8
29.6
29.5
29.5
29.6
29.6
29.5
29.5
29.7
29.8
29.7
29.5
29.8
29.8
29.8
29.7
29.7
29.6
29.3
29.4
29.5
29.5
29.3
29.4
29.4
29.4
29.4
29.3
29.1
29.1
29
28.9
28.9
29.2
29.3
29.2
29.1
29
29
28.8
28.9
28.9
29
29
29
29.1
28.9
28.8
28.8
28.9
28.8
28.7
28.7
28.6
28.6
28.5
28.4
28.2
28.4
28.4
28.3
28.2
28
27.9
27.9
27.9
27.9
27.7
27.6
27.7
27.7
27.7
27.5
27.6
27.5
27.6
27.6
27.6
27.7
27.7
27.8
27.8
27.6
27.7
27.9
27.7
27.6
27.4
27.5
27.4
27.3
27.4
27.3
27.2
27.2
27.2
27.2
27.3
27.2
26.9
26.9
27.1
27
26.8
26.7
26.7
26.6
26.6
26.5
26.4
26.2
26.3
26.3
26.3
26.2
26.3
26.2
26
26
26
26.1
26.1
26.1
26.1
26.1
26.2
26.3
26.4
26.5
26.8
26.9
26.9
27.1
27.2
27.4
27.8
27.8
27.9
28.2
28
28.4
28.1
28.2
28.2
28
28
27.9
27.8
27.9
27.9
28.1
28.2
28.2
28.2
28.4
28.5
28.3
28.5
28.5
28.8
29.1
29.4
29.4
29.5
29.9
30.2
30.4
30.6
30.5
30.7
31.1
31.1
31.1
31.2
31.2
31.2
31.2
31.6
32
32.1
32.2
32.3
32.5
32.6
32.5
32.6
32.8
32.9
33.1
33.3
33.6
33.8
34
33.9
34.1
33.9
33.6
33.6
33.6
33.6
33.6
33.5
33.5
33.7
33.5
33.5
33.6
33.6
33.7
33.7
33.8
33.9
33.8
33.9
33.9
33.9
34.1
34
34.3
34.5
34.7
34.9
35.1
35.1
35
35
35.2
35.5
35.7
35.8
36.1
36.3
36.1
36.2
36.4
36.6
36.9
37.1
37
37.5
37.9
37.8
37.8
37.7
37.4
37.1
37.4
37.6
38
38.7
38.9
38.9
38.9
39.1
39.2
39.2
39.1
39.2
39.4
39.6
39.5
39.5
39.7
39.6
39.6
39.6
39.8
39.8
40.5
40.7
40.9
41.3
42
43
43
43.2
43.1
43.5
43.7
43.6
43.9
43.9
44
43.9
43.8
44
43.9
43.9
44.3
44.5
44.6
44.5
44.5
44.6
44.3
43.9
43.5
43.5
43.4
43.4
43.2
43.1
43.3
43.4
43.4
43.5
43.7
43.8
44.3
44.3
44.3
44.5
44.4
44.2
44.1
44.2
44.3
44.3
44.3
44.7
44.8
44.8
44.7
45.2
45.4
45.8
46.1
46.2
46.1
46.2
46.5
46.8
47.2
47.8
48.6
49.1
49
48.9
49.3
49.3
49.1
49.1
49.2
49
48.7
49.2
49.3
49.3
49.3
49.4
49.7
49.9
50.1
50.1
50.2
50.1
50.4
50.4
50.6
50.2
50.3
50.5
50.7
50.6
50.9
51.2
51.1
51.1
50.9
50.8
50.4
50.1
49.9
50
50.2
50.8
51.5
51.7
51.6
51.6
51.7
51.9
52.1
52.4
52.8
53
52.9
53.4
53.9
53.8
53.9
54.2
54.3
55
55.3
55.6
56
56.5
56.5
56.7
56.9
57.3
57.1
57.4
57.8
58.3
58.8
59.4
59
59.2
59.4
59.2
59.3
59.4
59.2
59.2
58.9
58.8
58.8
58.8
58.8
58.9
60
60.2
60.2
60.9
61.1
61.1
61.4
62
62.7
63.4
63.8
63.5
63.1
63.1
63.4
63.2
62.6
62.2
62.8
63
63
63.7
64.6
65.4
66
66
65.7
65.7
65.3
65.3
65.7
66.3
66.2
66.4
67.4
67.7
67.8
68.8
69.8
70.3
70.8
71.2
71.7
