chr	start	end	length	CpGcount	GCcontent	pctGC	obsExp
chrIII	72161	72383	223	32	144	0.646	1.377
chrIII	76902	77009	108	10	57	0.528	1.333
chrIII	87871	87961	91	11	45	0.495	2.026
chrIII	272368	272560	193	17	85	0.44	1.829
chrIII	272724	272850	127	8	49	0.386	1.699
chrIII	273477	273585	109	10	48	0.44	1.922
chrIII	273733	274155	423	36	175	0.414	2.018
chrIII	274290	274540	251	22	107	0.426	1.938
chrIII	274678	276530	1853	149	757	0.409	1.954
chrIII	290331	291095	765	60	313	0.409	1.895
chrIII	291252	291866	615	45	247	0.402	1.821
chrIII	406471	406604	134	14	62	0.463	1.954
chrIII	476006	476175	170	14	88	0.518	1.261
chrIII	792727	792839	113	10	54	0.478	1.569
chrIII	853519	853721	203	30	129	0.635	1.566
chrIII	1072400	1072596	197	11	89	0.452	1.118
chrIII	1085849	1085991	143	10	58	0.406	1.986
chrIII	1095625	1095749	125	8	54	0.432	1.403
chrIII	1096111	1096223	113	9	52	0.46	1.562
chrIII	1096348	1096524	177	11	71	0.401	1.726
chrIII	1191218	1191370	153	12	77	0.503	1.244
chrIII	1191578	1191674	97	9	49	0.505	1.47
chrIII	1193650	1193754	105	15	64	0.61	1.577
chrIII	1205524	1205679	156	15	90	0.577	1.176
chrIII	1209231	1209358	128	13	61	0.477	1.939
chrIII	1239699	1239930	232	16	102	0.44	1.511
chrIII	1240068	1240205	138	8	54	0.391	1.548
chrIII	1240332	1240463	132	13	62	0.47	1.793
chrIII	1339313	1339479	167	13	76	0.455	1.513
chrIII	1415743	1415853	111	11	60	0.541	1.461
chrIII	1420194	1420411	218	21	125	0.573	1.181
chrIII	1421581	1421760	180	20	109	0.606	1.215
chrIII	1478937	1479068	132	8	55	0.417	1.479
chrIII	1503985	1504127	143	6	75	0.524	0.611
chrIII	1531999	1532205	207	14	96	0.464	1.267
chrIII	1577711	1577839	129	17	80	0.62	1.371
chrIII	1579121	1579258	138	18	84	0.609	1.421
chrIII	1613286	1613472	187	30	116	0.62	1.68
chrIII	1615207	1615673	467	36	197	0.422	1.74
chrIII	1751429	1751584	156	14	67	0.429	1.957
chrIII	1841810	1841953	144	15	68	0.472	1.883
chrIII	1876873	1876958	86	11	49	0.57	1.593
chrIII	1879520	1879697	178	16	84	0.472	1.615
chrIII	1893348	1893461	114	6	61	0.535	0.783
chrIII	1897304	1897396	93	9	44	0.473	1.788
chrIII	1902776	1902981	206	15	89	0.432	1.746
chrIII	1906374	1906496	123	10	49	0.398	2.121
chrIII	1906646	1906845	200	26	92	0.46	2.462
chrIII	1927730	1927831	102	9	52	0.51	1.36
chrIII	1946114	1946225	112	5	46	0.411	1.061
chrIII	2008293	2008512	220	27	121	0.55	1.628
chrIII	2009653	2009970	318	43	164	0.516	2.035
chrIII	2010201	2010314	114	20	62	0.544	2.375
chrIII	2011511	2011916	406	44	211	0.52	1.606
chrIII	2012079	2012353	275	30	149	0.542	1.495
chrIII	2013451	2013730	280	26	152	0.543	1.335
chrIII	2137430	2137536	107	14	57	0.533	1.891
chrIII	2154672	2155020	349	29	166	0.476	1.469
chrIII	2188096	2188208	113	13	54	0.478	2.015
chrIII	2196614	2196726	113	8	55	0.487	1.199
chrIII	2196983	2197199	217	13	93	0.429	1.317
chrIII	2200544	2201548	1005	66	427	0.425	1.476
chrIII	2202776	2203042	267	20	127	0.476	1.324
chrIII	2203189	2203389	201	12	82	0.408	1.438
chrIII	2206418	2206527	110	10	58	0.527	1.447
chrIII	2359780	2360288	509	49	218	0.428	2.104
chrIII	2360708	2360826	119	15	65	0.546	1.71
chrIII	2381698	2381839	142	16	81	0.57	1.396
chrIII	2382576	2382737	162	17	92	0.568	1.304
chrIII	2413456	2413586	131	13	69	0.527	1.434
chrIII	2418909	2419005	97	6	42	0.433	1.369
chrIII	2478887	2479022	136	18	75	0.551	1.766
chrIII	2515380	2515543	164	15	88	0.537	1.273
chrIII	2515664	2515823	160	10	86	0.538	1.136
chrIII	2545737	2545933	197	17	89	0.452	1.691
chrIII	2566883	2567120	238	19	103	0.433	1.709
chrIII	2574808	2574939	132	10	59	0.447	1.521
chrIII	2598270	2598367	98	11	49	0.5	1.797
chrIII	2599347	2599524	178	12	72	0.404	1.994
chrIII	2615638	2616258	621	46	267	0.43	1.604
chrIII	2661813	2661937	125	13	57	0.456	2.006
chrIII	2664310	2664389	80	8	39	0.488	1.684
chrIII	2704226	2704416	191	17	87	0.455	1.722
chrIII	2708064	2708135	72	5	32	0.444	1.457
chrIII	2733643	2733762	120	10	55	0.458	1.592
chrIII	2772643	2772748	106	11	54	0.509	1.602
chrIII	2781363	2781476	114	9	58	0.509	1.233
chrIII	2791930	2792224	295	24	128	0.434	1.729
chrIII	2799804	2800255	452	34	187	0.414	1.785
chrIII	2801040	2801326	287	27	139	0.484	1.608
chrIII	2831665	2831793	129	11	65	0.504	1.5
chrIII	2846546	2846754	209	11	84	0.402	1.306
chrIII	2947404	2947555	152	16	80	0.526	1.621
chrIII	2997242	2997326	85	10	50	0.588	1.369
chrIII	2999903	3000137	235	24	117	0.498	1.756
chrIII	3000682	3000817	136	12	68	0.5	1.432
chrIII	3005808	3005918	111	10	60	0.541	1.285
chrIII	3011459	3011761	303	24	121	0.399	1.99
chrIII	3012298	3012445	148	21	80	0.541	1.962
chrIII	3012931	3013070	140	14	66	0.471	1.885
chrIII	3014054	3014161	108	11	48	0.444	2.062
chrIII	3016625	3016766	142	11	59	0.415	1.838
chrIII	3035090	3035245	156	12	65	0.417	1.793
chrIII	3035662	3035776	115	10	50	0.435	1.852
chrIII	3038188	3038321	134	10	62	0.463	1.4
chrIII	3088384	3088492	109	10	49	0.45	1.823
chrIII	3290797	3290910	114	9	56	0.491	1.31
chrIII	3291295	3291370	76	7	38	0.5	1.583
chrIII	3329520	3329640	121	14	70	0.579	1.393
chrIII	3393256	3393361	106	10	55	0.519	1.44
chrIII	3405642	3405756	115	8	55	0.478	1.227
chrIII	3426916	3427026	111	12	65	0.586	1.276
chrIII	3427872	3427955	84	8	42	0.5	1.524
chrIII	3429139	3429259	121	13	62	0.512	1.639
chrIII	3651397	3651519	123	12	65	0.528	1.398
chrIII	3661399	3661725	327	26	136	0.416	1.871
chrIII	4784865	4784956	92	12	52	0.565	1.696
chrIII	5536883	5537065	183	15	82	0.448	1.634
chrIII	5537428	5537645	218	22	106	0.486	1.71
chrIII	5538838	5538973	136	15	70	0.515	1.735
chrIII	5675439	5675577	139	25	93	0.669	1.609
chrIII	6565289	6565569	281	22	138	0.491	1.346
chrIII	9613870	9614006	137	9	57	0.416	1.541
chrIII	9616068	9616189	122	8	60	0.492	1.086
chrIII	9694773	9694893	121	11	60	0.496	1.494
chrIII	10123344	10123487	144	13	71	0.493	1.555
chrIII	10260727	10260910	184	18	86	0.467	1.816
chrIII	10262683	10262938	256	24	141	0.551	1.308
chrIII	10263088	10263180	93	9	55	0.591	1.153
chrIII	10276222	10276398	177	17	99	0.559	1.238
chrIII	10320767	10320977	211	14	94	0.445	1.353
chrIII	10357057	10357230	174	16	95	0.546	1.245
chrIII	10404883	10405002	120	13	65	0.542	1.52
chrIII	10425474	10425646	173	6	71	0.41	0.887
chrIII	10436862	10437026	165	18	91	0.552	1.475
chrIII	10444634	10444783	150	11	77	0.513	1.136
chrIII	10453520	10453678	159	13	85	0.535	1.235
chrIII	10462138	10462257	120	15	73	0.608	1.372
chrIII	10471385	10471608	224	21	111	0.496	1.584
chrIII	10571191	10571335	145	11	71	0.49	1.31
chrIII	10596181	10596271	91	12	47	0.516	1.985
chrIII	10602923	10603250	328	17	141	0.43	1.122
chrIII	10646913	10647056	144	15	71	0.493	1.722
chrIII	10670340	10670439	100	9	45	0.45	1.8
chrIII	10670575	10670741	167	13	70	0.419	1.785
chrIII	10673021	10673077	57	7	36	0.632	1.247
chrIII	10706529	10706636	108	21	75	0.694	1.636
chrIII	10756691	10756849	159	15	72	0.453	2.03
chrIII	10759286	10759402	117	10	52	0.444	1.797
chrIII	10759622	10759775	154	14	71	0.461	1.728
chrIII	10807952	10808065	114	11	66	0.579	1.363
chrIII	10809524	10809855	332	26	177	0.533	1.133
chrIII	10810057	10810232	176	14	96	0.545	1.071
chrIII	10810391	10810610	220	23	116	0.527	1.505
chrIII	10810943	10811118	176	14	83	0.472	1.573
chrIII	10872639	10872848	210	18	112	0.533	1.23
chrIII	10873263	10873966	704	65	318	0.452	1.822
chrIII	10897925	10898024	100	8	38	0.38	2.241
chrIII	11054755	11054897	143	20	84	0.587	1.645
chrIII	11064216	11064348	133	15	72	0.541	1.6
chrIII	11067296	11067424	129	12	64	0.496	1.588
chrIII	11068938	11069037	100	9	54	0.54	1.236
chrIII	11090010	11090207	198	23	106	0.535	1.709
chrIII	11114643	11114737	95	12	47	0.495	2.073
chrIII	11145893	11146112	220	14	94	0.427	1.41
chrIII	11146269	11146362	94	8	42	0.447	1.808
chrIII	11155637	11155768	132	12	60	0.455	1.76
chrIII	11155888	11155999	112	9	50	0.446	1.623
chrIII	11156791	11157021	231	19	122	0.528	1.18
chrIII	11157381	11157846	466	38	210	0.451	1.61
chrIII	11180408	11180514	107	10	52	0.486	1.621
chrIII	11180631	11181084	454	36	211	0.465	1.478
chrIII	11192171	11192350	180	14	82	0.456	1.544
chrIII	11242568	11243015	448	27	190	0.424	1.352
chrIII	11248591	11248764	174	20	92	0.529	1.648
chrIII	11270419	11270525	107	8	55	0.514	1.151
chrIII	11286528	11286668	141	15	71	0.504	1.706
chrIII	11287612	11287852	241	23	120	0.498	1.547
chrIII	11298917	11299167	251	15	115	0.458	1.186
chrIII	11315259	11315630	372	25	158	0.425	1.525
chrIII	11324144	11324261	118	11	66	0.559	1.196
chrIII	11328693	11328849	157	9	70	0.446	1.178
chrIII	11338502	11338731	230	17	94	0.409	1.771
chrIII	11430090	11430524	435	28	175	0.402	1.595
chrIII	11430644	11430780	137	11	57	0.416	1.87
chrIII	11430932	11431168	237	15	100	0.422	1.431
chrIII	11431319	11431641	323	20	133	0.412	1.475
chrIII	11433853	11433959	107	8	45	0.421	1.712
chrIII	11434086	11434567	482	30	192	0.398	1.577
chrIII	11436032	11436456	425	25	162	0.381	1.623
chrIII	11495439	11495569	131	12	56	0.427	2.008
chrIII	11495869	11495984	116	9	50	0.431	1.695
chrIII	11510831	11511038	208	22	128	0.615	1.117
chrIII	11523492	11523615	124	10	56	0.452	1.722
chrIII	11524559	11524780	222	17	107	0.482	1.319
chrIII	11527733	11528032	300	19	122	0.407	1.559
chrIII	11528751	11528915	165	12	79	0.479	1.286
chrIII	11546687	11547338	652	45	273	0.419	1.577
chrIII	11552924	11553073	150	11	62	0.413	1.733
chrIII	11566183	11566482	300	29	151	0.503	1.556
chrIII	11571140	11571359	220	23	119	0.541	1.429
chrIII	11579296	11579514	219	25	122	0.557	1.521
chrIII	11590894	11591036	143	9	65	0.455	1.269
chrIII	11611394	11612017	624	110	465	0.745	1.274
chrIII	11619985	11620159	175	18	80	0.457	1.969
chrIII	11622688	11622833	146	12	70	0.479	1.449
chrIII	11687208	11687356	149	15	66	0.443	2.06
chrIII	11688058	11688194	137	15	77	0.562	1.427
chrIII	11712646	11713116	471	37	197	0.418	1.821
chrIII	11713263	11713631	369	29	152	0.412	1.885
chrIII	11718224	11718391	168	13	85	0.506	1.213
chrIII	11760625	11760768	144	16	82	0.569	1.374
chrIII	11803673	11803858	186	15	83	0.446	1.639
chrIII	11821933	11822044	112	14	59	0.527	1.815
chrIII	11829856	11829978	123	20	81	0.659	1.844
chrIII	11830438	11830554	117	17	69	0.59	1.754
chrIII	11832106	11832237	132	8	66	0.5	0.978
chrIII	11842286	11842382	97	9	41	0.423	2.089
chrIII	11842507	11842843	337	26	139	0.412	1.814
chrIII	11843025	11843233	209	23	126	0.603	1.242
chrIII	11844857	11844954	98	11	50	0.51	1.83
chrIII	11855412	11855710	299	26	164	0.548	1.165
chrIII	11855937	11856160	224	20	97	0.433	1.939
chrIII	11887621	11887862	242	20	108	0.446	1.665
chrIII	11894370	11894587	218	13	89	0.408	1.462
chrIII	11897183	11897370	188	22	104	0.553	1.532
chrIII	11915186	11915292	107	11	56	0.523	1.601
chrIII	11932880	11932990	111	10	50	0.45	1.927
chrIII	11933480	11933578	99	10	48	0.485	1.719
chrIII	11950335	11950479	145	14	65	0.448	1.933
chrIII	11950628	11950839	212	19	91	0.429	1.952
chrIII	11954095	11954222	128	10	60	0.469	1.6
chrIII	11971479	11971602	124	11	62	0.5	1.425
chrIII	11979429	11979536	108	10	47	0.435	1.978
chrIII	11993077	11993179	103	6	47	0.456	1.12
chrIII	12011382	12011485	104	7	44	0.423	1.533
chrIII	12012140	12012496	357	31	146	0.409	2.08
chrIII	12025798	12026464	667	51	272	0.408	1.884
chrIII	12037162	12037441	280	42	166	0.593	1.707
chrIII	12038626	12038828	203	12	95	0.468	1.094
chrIII	12043734	12043849	116	11	62	0.534	1.399
chrIII	12046669	12046886	218	14	84	0.385	1.731
chrIII	12056864	12057058	195	17	100	0.513	1.345
chrIII	12063403	12063597	195	24	105	0.538	1.706
chrIII	12064762	12064949	188	15	89	0.473	1.455
chrIII	12066221	12066358	138	13	64	0.464	1.759
chrIII	12069423	12069632	210	17	109	0.519	1.214
chrIII	12070195	12070654	460	40	199	0.433	1.859
chrIII	12154678	12155262	585	38	238	0.407	1.575
chrIII	12168724	12168831	108	9	51	0.472	1.509
chrIII	12203078	12203260	183	12	77	0.421	1.484
chrIII	12203382	12203536	155	16	72	0.465	1.914
chrIII	12216961	12217306	346	29	162	0.468	1.53
chrIII	12220353	12220641	289	20	136	0.471	1.254
chrIII	12224534	12224699	166	20	86	0.518	1.811
chrIII	12225056	12225169	114	8	65	0.57	0.964
chrIII	12242081	12242485	405	22	161	0.398	1.375
chrIII	12242633	12242848	216	17	92	0.426	1.739
chrIII	12249074	12249356	283	21	129	0.456	1.448
chrIII	12258688	12258780	93	12	48	0.516	1.993
chrIII	12262161	12262318	158	17	88	0.557	1.399
chrIII	12271152	12271472	321	21	155	0.483	1.126
chrIII	12275020	12275322	303	22	123	0.406	1.763
chrIII	12282244	12282394	151	12	70	0.464	1.48
chrIII	12282523	12282664	142	11	59	0.415	1.838
chrIII	12287589	12287697	109	8	49	0.45	1.453
chrIII	12287945	12288031	87	10	48	0.552	1.513
chrIII	12292164	12292267	104	8	43	0.413	1.801
chrIII	12319925	12320142	218	17	91	0.417	1.792
chrIII	12320264	12320413	150	12	67	0.447	1.604
chrIII	12328309	12328616	308	25	127	0.412	1.913
chrIII	12330966	12331136	171	11	69	0.404	1.583
chrIII	12332713	12332907	195	12	79	0.405	1.519
chrIII	12334658	12335139	482	44	199	0.413	2.144
chrIII	12339047	12339340	294	21	116	0.395	1.855
chrIII	12341424	12341531	108	8	52	0.481	1.28
chrIII	12350479	12350633	155	12	68	0.439	1.615
chrIII	12366512	12366701	190	20	93	0.489	1.782
chrIII	12368896	12369098	203	18	105	0.517	1.327
chrIII	12375815	12376000	186	13	91	0.489	1.168
chrIII	12389171	12389311	141	15	61	0.433	2.274
chrIII	12399323	12399562	240	16	98	0.408	1.616
chrIII	12401632	12401926	295	31	158	0.536	1.466
chrIII	12404903	12405246	344	26	141	0.41	1.811
chrIII	12407612	12407713	102	8	46	0.451	1.569
chrIII	12408930	12409213	284	25	126	0.444	1.789
chrIII	12412016	12412476	461	29	206	0.447	1.295
chrIII	12412974	12413151	178	15	72	0.404	2.101
chrIII	12442060	12442303	244	17	95	0.389	1.899
chrIII	12452298	12452576	279	27	148	0.53	1.378
chrIII	12454521	12454769	249	17	109	0.438	1.425
chrIII	12464383	12464583	201	15	82	0.408	1.811
chrIII	12465447	12465616	170	15	82	0.482	1.521
chrIII	12492211	12492328	118	14	66	0.559	1.523
chrIII	12498111	12498237	127	11	68	0.535	1.213
chrIII	12513652	12514806	1155	76	460	0.398	1.662
chrIII	12515535	12515643	109	9	55	0.505	1.351
chrIII	12531333	12531728	396	32	167	0.422	1.818
chrIII	12532770	12533093	324	24	138	0.426	1.668
chrIII	12533227	12533346	120	9	48	0.4	1.888
chrIII	12541147	12541759	613	40	253	0.413	1.533
chrIII	12543583	12543936	354	20	136	0.384	1.536
chrIII	12550402	12550701	300	22	120	0.4	1.859
chrIII	12552405	12552513	109	13	52	0.477	2.096
chrIII	12556732	12556891	160	9	69	0.431	1.241
chrIII	12560771	12560999	229	16	96	0.419	1.59
chrIII	12563688	12563850	163	15	71	0.436	1.972
chrIII	12578990	12579084	95	13	53	0.558	1.79
chrIII	12586169	12586289	121	11	52	0.43	2.017
chrIII	12586406	12586668	263	23	104	0.395	2.306
chrIII	12604464	12604620	157	18	87	0.554	1.518
chrIII	12604758	12605026	269	23	122	0.454	1.709
chrIII	12629715	12629822	108	10	49	0.454	1.818
chrIII	12631036	12631404	369	31	164	0.444	1.703
chrIII	12636053	12636160	108	10	50	0.463	1.731
chrIII	12636438	12637199	762	66	349	0.458	1.653
chrIII	12652721	12652846	126	14	70	0.556	1.484
chrIII	12659785	12659912	128	10	59	0.461	1.492
chrIII	12666070	12666626	557	51	251	0.451	1.81
chrIII	12666737	12667066	330	31	149	0.452	1.857
chrIII	12673861	12673982	122	10	61	0.5	1.631
chrIII	12683685	12683738	54	5	30	0.556	1.222
chrIII	12687264	12687519	256	26	155	0.605	1.148
chrIII	12692760	12692992	233	17	101	0.433	1.557
chrIII	12697364	12697469	106	10	51	0.481	1.71
chrIII	12709943	12710079	137	16	74	0.54	1.644
chrIII	12723342	12723408	67	6	36	0.537	1.256
chrIII	12725857	12726524	668	48	330	0.494	1.221
chrIII	12731812	12732269	458	39	190	0.415	2.011
chrIII	12732399	12732512	114	8	50	0.439	1.52
chrIII	12741730	12741902	173	16	94	0.543	1.258
chrIII	12776203	12776362	160	12	69	0.431	1.63
chrIII	12812656	12812766	111	13	56	0.505	1.879
chrIII	12815216	12815326	111	9	58	0.523	1.211
chrIII	12816888	12817021	134	14	73	0.545	1.415
chrIII	12820036	12820181	146	11	71	0.486	1.397
chrIII	12828731	12828929	199	16	80	0.402	2.01
chrIII	12874167	12874405	239	20	125	0.523	1.242
chrIII	12875121	12875330	210	23	112	0.533	1.542
chrIII	12885157	12885344	188	20	108	0.574	1.318
chrIII	12889373	12889783	411	31	192	0.467	1.39
chrIII	12893232	12893355	124	10	53	0.427	1.771
chrIII	12935836	12936014	179	16	102	0.57	1.103
chrIII	12946485	12946870	386	30	173	0.448	1.548
chrIII	12969263	12969366	104	11	55	0.529	1.513
chrIII	12976048	12976156	109	7	54	0.495	1.052
chrIII	12986658	12986768	111	27	70	0.631	2.548
chrIII	12987802	12988045	244	20	107	0.439	1.705
chrIII	13007277	13007392	116	11	61	0.526	1.381
chrIII	13007916	13008016	101	6	45	0.446	1.212
chrIII	13070252	13070401	150	19	90	0.6	1.408
chrIII	13090807	13090923	117	15	76	0.65	1.327
chrIII	13091121	13091263	143	23	88	0.615	1.731
chrIII	13091651	13091757	107	19	68	0.636	1.836
chrIII	13093974	13094192	219	16	87	0.397	1.852
chrIII	13094467	13094606	140	11	59	0.421	1.77
chrIII	13095500	13095853	354	29	145	0.41	1.953
chrIII	13095988	13096211	224	16	97	0.433	1.532
chrIII	13099492	13100045	554	46	237	0.428	1.829
chrIII	13113234	13113508	275	22	130	0.473	1.502
chrIII	13116010	13116135	126	12	65	0.516	1.435
chrIII	13144284	13144374	91	6	39	0.429	1.56
chrIII	13153714	13153802	89	9	50	0.562	1.282
chrIII	13155535	13155640	106	10	55	0.519	1.413
chrIII	13155973	13156106	134	11	70	0.522	1.212
chrIII	13159344	13159470	127	10	56	0.441	1.639
chrIII	13171419	13171532	114	11	55	0.482	1.685
chrIII	13190902	13191088	187	12	86	0.46	1.316
chrIII	13205824	13206111	288	27	142	0.493	1.544
chrIII	13263222	13263322	101	7	47	0.465	1.281
chrIII	13284467	13285021	555	42	239	0.431	1.657
chrIII	13285706	13285845	140	16	68	0.486	1.939
chrIII	13287040	13287161	122	13	59	0.484	1.915
chrIII	13287875	13288081	207	18	116	0.56	1.113
chrIII	13288352	13288633	282	23	141	0.5	1.335
chrIII	13289151	13289281	131	14	63	0.481	1.849
chrIII	13292111	13292331	221	20	119	0.538	1.249
chrIII	13296989	13297143	155	14	78	0.503	1.427
chrIII	13468733	13468993	261	16	122	0.467	1.16
chrIII	13511414	13511535	122	15	65	0.533	1.766
chrIII	13517967	13518313	347	40	200	0.576	1.434
chrIII	13552615	13552800	186	15	94	0.505	1.268
chrIII	13583922	13585185	1264	131	593	0.469	1.886
chrIII	13585300	13586160	861	85	406	0.472	1.778
chrIII	13586292	13586447	156	16	75	0.481	1.778
chrIII	13586578	13591058	4481	476	2098	0.468	1.942
chrIII	13591202	13593632	2431	250	1145	0.471	1.856
chrIII	13593781	13594109	329	37	156	0.474	2.006
chrIII	13594388	13596497	2110	211	976	0.463	1.871
chrIII	13596645	13598874	2230	231	1041	0.467	1.907
chrIII	13654697	13654861	165	17	96	0.582	1.22
chrIII	13683187	13683338	152	14	81	0.533	1.332
chrIII	13689007	13689148	142	14	72	0.507	1.535
chrII	90754	90876	123	7	50	0.407	1.378
chrII	150874	151025	152	12	75	0.493	1.326
chrII	215791	215916	126	12	57	0.452	1.876
chrII	220257	220411	155	19	89	0.574	1.51
chrII	234100	234363	264	22	108	0.409	1.998
chrII	234822	235198	377	30	150	0.398	2.02
chrII	249599	249688	90	8	43	0.478	1.565
chrII	344592	344784	193	15	84	0.435	1.642
chrII	346664	346849	186	16	87	0.468	1.575
chrII	724480	724927	448	31	189	0.422	1.571
chrII	725828	726136	309	27	131	0.424	1.954
chrII	1129912	1130092	181	11	79	0.436	1.354
chrII	1131956	1132096	141	18	84	0.596	1.44
chrII	1450520	1450864	345	35	149	0.432	2.188
chrII	1450979	1451570	592	63	261	0.441	2.214
chrII	1452132	1453008	877	89	377	0.43	2.212
chrII	1453316	1454096	781	80	335	0.429	2.252
chrII	1454212	1455617	1406	140	630	0.448	2.006
chrII	1455923	1456287	365	37	159	0.436	2.151
chrII	1456406	1456784	379	37	163	0.43	2.118
chrII	1457056	1457884	829	84	358	0.432	2.198
chrII	1458050	1458159	110	14	52	0.473	2.406
chrII	1458276	1458400	125	13	54	0.432	2.279
chrII	1498064	1498257	194	17	97	0.5	1.42
chrII	1499344	1499539	196	15	92	0.469	1.392
chrII	2036324	2036462	139	11	64	0.46	1.499
chrII	2056100	2056222	123	7	68	0.553	0.745
chrII	2187365	2187472	108	14	64	0.593	1.53
chrII	2245264	2245365	102	7	46	0.451	1.594
chrII	2249528	2249691	164	14	75	0.457	1.837
chrII	2468158	2468283	126	12	58	0.46	1.833
chrII	2475329	2475439	111	10	51	0.459	1.92
chrII	2479859	2480016	158	14	70	0.443	1.806
chrII	2516685	2516824	140	14	83	0.593	1.176
chrII	2516993	2517276	284	24	145	0.511	1.325
chrII	2635834	2636080	247	16	107	0.433	1.384
chrII	2788050	2788193	144	15	89	0.618	1.115
chrII	2795219	2795328	110	10	63	0.573	1.109
chrII	3079059	3079217	159	16	87	0.547	1.346
chrII	3083920	3084031	112	16	69	0.616	1.532
chrII	3084375	3084503	129	11	61	0.473	1.536
chrII	3110241	3110462	222	25	136	0.613	1.201
chrII	3258360	3258552	193	19	84	0.435	2.109
chrII	3271615	3271947	333	43	210	0.631	1.358
chrII	3362609	3362747	139	13	67	0.482	1.613
chrII	3807711	3807841	131	10	62	0.473	1.436
chrII	3925573	3925675	103	5	46	0.447	1.108
chrII	3925953	3926058	106	13	56	0.528	1.816
chrII	3927007	3927117	111	11	54	0.486	1.734
chrII	4041971	4042217	247	21	110	0.445	1.717
chrII	4043330	4043552	223	14	113	0.507	0.982
chrII	4043760	4043924	165	18	95	0.576	1.318
chrII	4045992	4046208	217	18	100	0.461	1.565
chrII	4233288	4233446	159	9	73	0.459	1.074
chrII	4239380	4239681	302	18	121	0.401	1.531
chrII	4240612	4240774	163	9	70	0.429	1.213
chrII	4287953	4288136	184	16	88	0.478	1.521
chrII	4290147	4290273	127	10	56	0.441	1.62
chrII	4297688	4297810	123	10	54	0.439	1.697
chrII	4326763	4326892	130	14	63	0.485	1.872
chrII	4331247	4331424	178	12	77	0.433	1.447
chrII	4336592	4336717	126	12	53	0.421	2.291
chrII	4342257	4342433	177	10	83	0.469	1.028
chrII	4421919	4422077	159	9	82	0.516	0.931
chrII	4424044	4424207	164	20	86	0.524	1.774
chrII	4461603	4461758	156	14	81	0.519	1.337
chrII	4464045	4464258	214	17	112	0.523	1.162
chrII	4469123	4469289	167	15	81	0.485	1.529
chrII	4471680	4471936	257	27	141	0.549	1.4
chrII	4472205	4472316	112	6	59	0.527	0.791
chrII	4524013	4524119	107	11	57	0.533	1.505
chrII	4701700	4701825	126	15	70	0.556	1.607
chrII	6185268	6186383	1116	160	480	0.43	3.487
chrII	6353752	6353869	118	10	59	0.5	1.356
chrII	6490431	6490593	163	20	94	0.577	1.579
chrII	7448642	7448910	269	25	112	0.416	2.151
chrII	7449226	7449473	248	31	109	0.44	2.669
chrII	7449584	7450050	467	57	210	0.45	2.496
chrII	7816881	7817009	129	10	62	0.481	1.344
chrII	7863621	7863729	109	20	58	0.532	2.605
chrII	10661455	10661727	273	40	157	0.575	1.835
chrII	10936996	10937339	344	25	154	0.448	1.579
chrII	10937487	10937600	114	9	61	0.535	1.155
chrII	10937718	10937870	153	15	75	0.49	1.683
chrII	11027361	11027672	312	40	170	0.545	1.864
chrII	11289871	11290041	171	16	85	0.497	1.517
chrII	11293667	11293851	185	13	82	0.443	1.444
chrII	11696734	11696823	90	8	41	0.456	1.8
chrII	11697126	11697250	125	8	60	0.48	1.122
chrII	11698433	11698623	191	20	113	0.592	1.231
chrII	11698818	11699081	264	29	140	0.53	1.578
chrII	11882219	11882326	108	11	57	0.528	1.485
chrII	11913618	11913752	135	14	75	0.556	1.621
chrII	11914148	11914230	83	5	42	0.506	0.998
chrII	11914993	11915153	161	11	83	0.516	1.047
chrII	11959552	11959663	112	8	53	0.473	1.276
chrII	11959994	11960121	128	11	72	0.562	1.086
chrII	11960315	11960389	75	8	34	0.453	2.105
chrII	11995866	11995988	123	11	57	0.463	1.666
chrII	11996133	11996274	142	13	62	0.437	1.921
chrII	12003350	12003580	231	29	128	0.554	1.636
chrII	12003974	12004282	309	26	152	0.492	1.393
chrII	12005494	12005761	268	21	136	0.507	1.217
chrII	12005892	12006135	244	33	144	0.59	1.606
chrII	12026583	12026720	138	9	62	0.449	1.314
chrII	12038756	12038977	222	16	118	0.532	1.031
chrII	12056817	12056914	98	10	55	0.561	1.35
chrII	12057183	12057287	105	10	55	0.524	1.393
chrII	12059526	12059634	109	12	56	0.514	1.749
chrII	12077196	12077488	293	25	146	0.498	1.384
chrII	12129856	12129983	128	8	60	0.469	1.149
chrII	12130719	12130794	76	5	41	0.539	0.909
chrII	12138209	12138777	569	38	243	0.427	1.469
chrII	12147614	12147790	177	14	70	0.395	2.065
chrII	12149269	12149376	108	7	41	0.38	1.8
chrII	12182715	12183075	361	29	162	0.449	1.602
chrII	12199161	12199265	105	10	50	0.476	1.75
chrII	12206961	12207552	592	40	240	0.405	1.65
chrII	12219407	12219537	131	17	73	0.557	1.672
chrII	12222517	12222820	304	31	168	0.553	1.416
chrII	12223228	12223307	80	5	35	0.438	1.316
chrII	12225592	12225883	292	33	157	0.538	1.619
chrII	12226246	12226416	171	24	106	0.62	1.463
chrII	12295200	12295375	176	16	90	0.511	1.393
chrII	12295515	12295819	305	19	136	0.446	1.317
chrII	12296635	12296786	152	14	68	0.447	1.847
chrII	12301506	12301604	99	12	55	0.556	1.571
chrII	12301856	12301962	107	16	63	0.589	1.747
chrII	12395127	12395266	140	14	64	0.457	1.914
chrII	12403249	12403649	401	38	174	0.434	2.014
chrII	12403776	12403950	175	18	83	0.474	1.829
chrII	12434132	12434349	218	20	95	0.436	1.938
chrII	12461071	12461242	172	18	92	0.535	1.469
chrII	12587437	12587598	162	11	71	0.438	1.421
chrII	12689837	12690097	261	23	109	0.418	2.035
chrII	12690228	12690414	187	15	78	0.417	1.844
chrII	12711836	12712197	362	32	156	0.431	1.936
chrII	12715744	12716056	313	37	186	0.594	1.34
chrII	12716290	12716391	102	8	51	0.5	1.255
chrII	12716960	12717113	154	15	85	0.552	1.422
chrII	12727875	12728033	159	19	92	0.579	1.428
chrII	12729879	12730090	212	25	125	0.59	1.358
chrII	12730639	12730794	156	18	84	0.538	1.625
chrII	12732079	12732205	127	15	71	0.559	1.512
chrII	12769555	12769662	108	6	46	0.426	1.246
chrII	12770732	12771118	387	35	165	0.426	1.996
chrII	12775554	12775758	205	17	101	0.493	1.37
chrII	12796004	12796113	110	13	56	0.509	1.826
chrII	12802114	12802241	128	14	69	0.539	1.514
chrII	12822413	12822544	132	11	55	0.417	1.921
chrII	12871650	12871778	129	10	67	0.519	1.171
chrII	12880901	12881217	317	25	142	0.448	1.573
chrII	12887279	12887386	108	8	47	0.435	1.624
chrII	12903409	12903536	128	10	62	0.484	1.333
chrII	12916016	12916130	115	7	56	0.487	1.076
chrII	13041682	13041823	142	12	72	0.507	1.324
chrII	13042656	13042846	191	16	102	0.534	1.197
chrII	13042963	13043096	134	10	75	0.56	1.018
chrII	13044447	13044622	176	19	94	0.534	1.539
chrII	13088259	13088890	632	45	291	0.46	1.359
chrII	13089213	13089320	108	8	46	0.426	1.646
chrII	13097311	13097501	191	15	82	0.429	1.708
chrII	13100225	13100352	128	11	59	0.461	1.676
chrII	13100507	13100629	123	9	54	0.439	1.521
chrII	13101506	13101730	225	24	128	0.569	1.319
chrII	13104426	13104567	142	13	70	0.493	1.518
chrII	13126790	13126893	104	9	49	0.471	1.576
chrII	13191507	13191613	107	8	44	0.411	1.772
chrII	13191736	13192717	982	75	399	0.406	1.856
chrII	13192841	13193085	245	21	102	0.416	1.978
chrII	13193225	13193306	82	7	36	0.439	1.822
chrII	13194267	13194687	421	35	182	0.432	1.781
chrII	13197983	13198231	249	28	134	0.538	1.559
chrII	13315354	13315448	95	8	40	0.421	1.905
chrII	13381258	13381693	436	37	175	0.401	2.132
chrII	13381812	13381935	124	12	53	0.427	2.12
chrII	13390597	13390719	123	11	58	0.472	1.611
chrII	13391073	13391847	775	57	311	0.401	1.87
chrII	13395170	13395390	221	19	94	0.425	1.915
chrII	13397080	13397213	134	14	70	0.522	1.543
chrII	13397816	13398182	367	28	150	0.409	1.828
chrII	13398640	13398737	98	5	48	0.49	0.875
chrII	13399392	13399535	144	18	79	0.549	1.694
chrII	13413483	13413629	147	9	64	0.435	1.312
chrII	13417959	13418080	122	10	64	0.525	1.196
chrII	13422816	13423937	1122	83	468	0.417	1.712
chrII	13434551	13434748	198	14	87	0.439	1.465
chrII	13434892	13435088	197	11	87	0.442	1.164
chrII	13456022	13456233	212	17	91	0.429	1.746
chrII	13456362	13456544	183	12	89	0.486	1.11
chrII	13457789	13458031	243	21	114	0.469	1.578
chrII	13459015	13459122	108	6	44	0.407	1.35
chrII	13462550	13462721	172	7	67	0.39	1.103
chrII	13462838	13463039	202	14	82	0.406	1.691
chrII	13488694	13489204	511	31	213	0.417	1.404
chrII	13489741	13490336	596	57	336	0.564	1.207
chrII	13495231	13495404	174	21	93	0.534	1.706
chrII	13520069	13520208	140	10	67	0.479	1.254
chrII	13527032	13527183	152	18	84	0.553	1.559
chrII	13527365	13527546	182	19	106	0.582	1.233
chrII	13528357	13528881	525	62	233	0.444	2.447
chrII	13529063	13529424	362	42	210	0.58	1.384
chrII	13668421	13668558	138	11	54	0.391	2.085
chrII	13669844	13670033	190	14	78	0.411	1.759
chrII	13671434	13671566	133	9	59	0.444	1.376
chrII	13676914	13677026	113	13	61	0.54	1.654
chrII	13685539	13685780	242	19	133	0.55	1.294
chrII	13686287	13686459	173	14	72	0.416	1.892
chrII	13693208	13693313	106	15	63	0.594	1.613
chrII	13693456	13693729	274	20	150	0.547	1.015
chrII	13694036	13694220	185	19	94	0.508	1.598
chrII	13694393	13694475	83	9	43	0.518	1.624
chrII	13725035	13725142	108	9	59	0.546	1.174
chrII	13725487	13725658	172	12	88	0.512	1.28
chrII	13726016	13726126	111	10	61	0.55	1.201
chrII	13727634	13727742	109	13	64	0.587	1.418
chrII	13737490	13737696	207	17	84	0.406	2.172
chrII	13738245	13738350	106	9	63	0.594	0.973
chrII	13738739	13739136	398	33	167	0.42	1.884
chrII	13740406	13740697	292	23	119	0.408	1.928
chrII	13740851	13741151	301	28	129	0.429	2.027
chrII	13747260	13747496	237	18	99	0.418	1.743
chrII	13747993	13748112	120	9	59	0.492	1.241
chrII	13753088	13753280	193	15	78	0.404	1.905
chrII	13753424	13753511	88	8	41	0.466	1.684
chrII	13753640	13753870	231	18	125	0.541	1.068
chrII	13766417	13766631	215	15	94	0.437	1.466
chrII	13831972	13832366	395	26	156	0.395	1.706
chrII	13879443	13879561	119	18	69	0.58	1.889
chrII	14062662	14062770	109	6	46	0.422	1.239
chrII	14064238	14064333	96	9	54	0.562	1.187
chrII	14065509	14065630	122	16	79	0.648	1.261
chrII	14077889	14078078	190	23	111	0.584	1.438
chrII	14078269	14078384	116	13	60	0.517	1.804
chrII	14078595	14078923	329	24	138	0.419	1.66
chrII	14079062	14079248	187	15	84	0.449	1.59
chrII	14079409	14079566	158	16	74	0.468	1.896
chrII	14082641	14082943	303	27	154	0.508	1.427
chrII	14090241	14090389	149	16	88	0.591	1.37
chrII	14124867	14124999	133	8	70	0.526	0.869
chrII	14126707	14126814	108	11	63	0.583	1.235
chrII	14137312	14137397	86	7	39	0.453	1.636
chrII	14138235	14138545	311	25	133	0.428	1.763
chrII	14141299	14141457	159	20	82	0.516	1.896
chrII	14141747	14141885	139	15	70	0.504	1.823
chrII	14155300	14155408	109	11	67	0.615	1.071
chrII	14157548	14157792	245	26	142	0.58	1.264
chrII	14159362	14159448	87	11	56	0.644	1.246
chrII	14162408	14162504	97	16	54	0.557	2.156
chrII	14185329	14185712	384	34	165	0.43	1.93
chrII	14221310	14221480	171	15	84	0.491	1.462
chrII	14235929	14235973	45	7	26	0.578	1.875
chrII	14237087	14237295	209	22	129	0.617	1.106
chrII	14237423	14237627	205	28	136	0.663	1.275
chrII	14239070	14239771	702	48	289	0.412	1.616
chrII	14239903	14240028	126	18	75	0.595	1.648
chrII	14245194	14245354	161	17	77	0.478	1.901
chrII	14246143	14246444	302	19	115	0.381	1.737
chrII	14264148	14264336	189	16	85	0.45	1.674
chrII	14269462	14269631	170	16	77	0.453	1.86
chrII	14271167	14271290	124	9	64	0.516	1.145
chrII	14271457	14271597	141	13	59	0.418	2.156
chrII	14273073	14273201	129	10	57	0.442	1.593
chrII	14278799	14279167	369	35	171	0.463	1.805
chrII	14347110	14347197	88	7	42	0.477	1.481
chrII	14348572	14348670	99	7	50	0.505	1.177
chrII	14385105	14385326	222	18	101	0.455	1.571
chrII	14390724	14390812	89	11	46	0.517	1.908
chrII	14400007	14400130	124	12	69	0.556	1.331
chrII	14407425	14407580	156	13	79	0.506	1.3
chrII	14443058	14443157	100	8	40	0.4	2.02
chrII	14445887	14446001	115	10	56	0.487	1.474
chrII	14476604	14476684	81	7	40	0.494	1.512
chrII	14527893	14527980	88	8	42	0.477	1.611
chrII	14727141	14727292	152	13	76	0.5	1.377
chrII	14750225	14750609	385	31	160	0.416	1.865
chrII	14753234	14753408	175	27	111	0.634	1.535
chrII	14755960	14756081	122	11	53	0.434	1.917
chrII	14756784	14756930	147	16	87	0.592	1.263
chrII	14757105	14757266	162	12	86	0.531	1.052
chrII	14757837	14757938	102	13	53	0.52	1.889
chrII	14769647	14769890	244	23	129	0.529	1.373
chrII	14772465	14772571	107	15	61	0.57	1.764
chrII	14773699	14774049	351	39	184	0.524	1.618
chrII	14774195	14774387	193	15	103	0.534	1.092
chrII	14798735	14798847	113	15	54	0.478	2.325
chrII	14799360	14799592	233	24	128	0.549	1.387
chrII	14813712	14813809	98	13	55	0.561	1.731
chrII	14868627	14868818	192	19	94	0.49	1.652
chrII	14870139	14870288	150	12	64	0.427	1.802
chrII	14871356	14872350	995	74	417	0.419	1.704
chrII	14872543	14872777	235	19	124	0.528	1.164
chrII	14968704	14968785	82	7	40	0.488	1.708
chrII	15010900	15011010	111	15	71	0.64	1.328
chrII	15030002	15030110	109	8	49	0.45	1.503
chrII	15047859	15047969	111	8	47	0.423	1.615
chrII	15071773	15072114	342	28	148	0.433	1.754
chrII	15089187	15089296	110	12	61	0.555	1.438
chrII	15091841	15092013	173	13	72	0.416	1.769
chrII	15095060	15096848	1789	105	794	0.444	1.314
chrII	15097236	15097453	218	21	95	0.436	2.047
chrII	15105017	15105341	325	28	143	0.44	1.782
chrII	15122752	15122881	130	18	68	0.523	2.031
chrII	15123551	15123759	209	14	84	0.402	1.66
chrII	15188683	15188818	136	13	63	0.463	1.782
chrII	15206533	15206635	103	17	59	0.573	2.027
chrII	15210726	15211008	283	27	123	0.435	2.043
chrII	15211240	15211726	487	29	205	0.421	1.347
chrII	15213976	15214098	123	10	64	0.52	1.245
chrII	15220191	15220302	112	16	71	0.634	1.422
chrII	15222907	15223022	116	10	66	0.569	1.09
chrII	15230515	15230622	108	10	60	0.556	1.292
chrII	15233279	15233408	130	15	73	0.562	1.471
chrII	15235621	15235758	138	19	87	0.63	1.387
chrII	15240480	15240850	371	24	150	0.404	1.601
chrI	53015	53108	94	10	47	0.5	1.703
chrI	65791	66075	285	17	118	0.414	1.393
chrI	66371	66736	366	29	171	0.467	1.453
chrI	93299	93490	192	21	106	0.552	1.478
chrI	100258	100601	344	28	166	0.483	1.399
chrI	101556	101710	155	18	83	0.535	1.661
chrI	104546	104649	104	8	54	0.519	1.148
chrI	106075	106185	111	14	63	0.568	1.599
chrI	136291	136526	236	22	129	0.547	1.276
chrI	182194	182294	101	10	51	0.505	1.559
chrI	193709	193878	170	11	78	0.459	1.23
chrI	202180	202337	158	17	80	0.506	1.68
chrI	205340	205461	122	8	53	0.434	1.549
chrI	213700	214137	438	34	216	0.493	1.282
chrI	216629	216814	186	20	100	0.538	1.527
chrI	218831	218928	98	11	51	0.52	1.69
chrI	220049	220205	157	15	82	0.522	1.408
chrI	221072	221179	108	13	63	0.583	1.424
chrI	221322	221414	93	7	57	0.613	0.861
chrI	251020	251121	102	10	54	0.529	1.401
chrI	251263	251394	132	10	76	0.576	1.015
chrI	252744	252909	166	19	90	0.542	1.586
chrI	255026	255177	152	14	78	0.513	1.403
chrI	309247	309504	258	25	133	0.516	1.461
chrI	309665	309890	226	16	94	0.416	1.674
chrI	319807	319936	130	10	61	0.469	1.416
chrI	320047	320416	370	33	191	0.516	1.347
chrI	321153	321287	135	17	73	0.541	1.731
chrI	321631	321784	154	16	88	0.571	1.297
chrI	324432	324542	111	13	58	0.523	1.768
chrI	350131	350242	112	12	47	0.42	2.489
chrI	355633	355774	142	15	71	0.5	1.69
chrI	358355	358456	102	8	40	0.392	2.242
chrI	364831	365142	312	30	166	0.532	1.362
chrI	366929	367120	192	16	97	0.505	1.309
chrI	403913	404015	103	14	59	0.573	1.717
chrI	413278	413361	84	10	39	0.464	2.4
chrI	450538	450702	165	17	88	0.533	1.45
chrI	493762	494137	376	27	166	0.441	1.474
chrI	494756	494904	149	18	78	0.523	1.793
chrI	502493	502736	244	17	113	0.463	1.302
chrI	504272	504379	108	8	50	0.463	1.385
chrI	511538	511713	176	20	97	0.551	1.497
chrI	512592	512717	126	8	65	0.516	1.008
chrI	512844	513024	181	22	104	0.575	1.486
chrI	513300	513645	346	34	190	0.549	1.306
chrI	513988	514180	193	28	116	0.601	1.608
chrI	537733	537839	107	15	69	0.645	1.349
chrI	538752	538861	110	11	63	0.573	1.22
chrI	539509	539650	142	11	74	0.521	1.142
chrI	543009	543148	140	17	73	0.521	1.803
chrI	558901	559009	109	13	55	0.505	1.879
chrI	590976	591101	126	6	52	0.413	1.125
chrI	594591	595037	447	26	176	0.394	1.517
chrI	605872	605981	110	12	49	0.445	2.2
chrI	614799	614994	196	21	99	0.505	1.684
chrI	634417	634525	109	16	66	0.606	1.603
chrI	634641	634740	100	12	55	0.55	1.714
chrI	658401	658600	200	16	98	0.49	1.569
chrI	661327	661466	140	12	73	0.521	1.538
chrI	663164	663378	215	28	117	0.544	1.775
chrI	682559	682672	114	14	58	0.509	1.918
chrI	687308	687425	118	13	57	0.483	1.889
chrI	693360	693473	114	17	70	0.614	1.615
chrI	703425	703513	89	13	53	0.596	1.791
chrI	708023	708158	136	16	72	0.529	1.68
chrI	712518	712767	250	18	104	0.416	1.674
chrI	713359	713569	211	17	109	0.517	1.225
chrI	715531	715629	99	9	48	0.485	1.55
chrI	721779	721926	148	19	73	0.493	2.143
chrI	724592	725244	653	41	282	0.432	1.352
chrI	769137	769361	225	19	99	0.44	1.934
chrI	769487	769706	220	15	92	0.418	1.842
chrI	769848	770193	346	24	153	0.442	1.596
chrI	772482	772568	87	7	43	0.494	1.336
chrI	772720	772892	173	15	85	0.491	1.438
chrI	864626	864832	207	20	125	0.604	1.129
chrI	873216	873356	141	17	73	0.518	1.808
chrI	875970	876145	176	18	102	0.58	1.267
chrI	876304	876560	257	39	154	0.599	1.691
chrI	876863	876958	96	6	39	0.406	1.778
chrI	891683	891800	118	10	55	0.466	1.625
chrI	908134	908290	157	19	84	0.535	1.715
chrI	909072	909333	262	27	135	0.515	1.555
chrI	910081	910193	113	13	62	0.549	1.535
chrI	961990	962319	330	35	163	0.494	1.742
chrI	1012630	1012815	186	16	84	0.452	1.688
chrI	1012945	1013375	431	37	188	0.436	1.807
chrI	1015448	1015585	138	16	76	0.551	1.539
chrI	1018865	1019053	189	17	115	0.608	0.972
chrI	1019297	1019408	112	12	57	0.509	1.68
chrI	1024063	1024153	91	9	47	0.516	1.569
chrI	1032209	1032479	271	32	154	0.568	1.483
chrI	1032615	1032845	231	16	124	0.537	0.971
chrI	1033023	1033170	148	12	75	0.507	1.331
chrI	1040299	1040398	100	13	48	0.48	2.257
chrI	1043423	1043610	188	12	99	0.527	0.922
chrI	1043794	1043898	105	9	49	0.467	1.629
chrI	1050466	1050588	123	14	73	0.593	1.295
chrI	1053017	1053120	104	15	57	0.548	1.926
chrI	1060529	1060639	111	16	62	0.559	1.856
chrI	1061024	1061116	93	8	44	0.473	1.661
chrI	1065460	1065577	118	9	58	0.492	1.264
chrI	1080833	1081803	971	69	460	0.474	1.338
chrI	1083331	1083439	109	9	46	0.422	1.912
chrI	1087801	1088034	234	17	95	0.406	1.763
chrI	1093541	1093784	244	22	110	0.451	1.784
chrI	1093920	1094267	348	28	161	0.463	1.517
chrI	1094415	1094554	140	13	72	0.514	1.414
chrI	1134298	1134448	151	14	69	0.457	1.776
chrI	1134628	1134829	202	18	89	0.441	1.838
chrI	1134982	1135105	124	12	58	0.468	1.769
chrI	1137891	1138010	120	11	57	0.475	1.65
chrI	1139967	1140078	112	10	56	0.5	1.458
chrI	1146561	1146677	117	15	63	0.538	1.791
chrI	1155564	1155648	85	10	44	0.518	1.771
chrI	1166402	1166537	136	12	74	0.544	1.206
chrI	1169780	1169922	143	9	68	0.476	1.122
chrI	1184608	1184720	113	14	58	0.513	1.901
chrI	1186981	1187180	200	16	84	0.42	1.866
chrI	1209600	1210043	444	23	180	0.405	1.268
chrI	1226672	1226786	115	10	63	0.548	1.183
chrI	1227247	1227395	149	8	61	0.409	1.282
chrI	1236267	1236354	88	7	41	0.466	1.467
chrI	1246750	1246911	162	15	68	0.42	2.104
chrI	1264980	1265179	200	19	99	0.495	1.552
chrI	1338517	1338626	110	15	58	0.527	1.983
chrI	1341442	1341591	150	22	83	0.553	1.919
chrI	1344821	1344926	106	8	46	0.434	1.631
chrI	1351456	1351815	360	31	161	0.447	1.722
chrI	1351985	1352070	86	4	38	0.442	1.058
chrI	1353206	1353332	127	9	51	0.402	1.764
chrI	1354600	1354878	279	24	122	0.437	1.8
chrI	1363177	1363564	388	26	157	0.405	1.648
chrI	1365798	1365933	136	16	74	0.544	1.648
chrI	1367506	1367570	65	7	38	0.585	1.319
chrI	1374281	1374624	344	29	141	0.41	2.024
chrI	1383862	1384351	490	35	196	0.4	1.795
chrI	1384468	1384573	106	9	44	0.415	2.008
chrI	1405727	1405871	145	12	70	0.483	1.425
chrI	1406019	1406120	102	10	49	0.48	1.706
chrI	1420390	1420544	155	17	90	0.581	1.302
chrI	1426063	1426379	317	28	160	0.505	1.388
chrI	1440828	1440922	95	7	46	0.484	1.55
chrI	1497991	1498097	107	12	63	0.589	1.294
chrI	1499294	1499505	212	21	110	0.519	1.818
chrI	1499765	1499872	108	7	41	0.38	1.8
chrI	1500019	1500448	430	32	172	0.4	1.87
chrI	1501885	1502168	284	16	121	0.426	1.244
chrI	1502289	1502429	141	13	72	0.511	1.419
chrI	1507092	1507218	127	7	60	0.472	0.992
chrI	1514278	1514402	125	12	71	0.568	1.196
chrI	1524401	1524483	83	10	35	0.422	2.767
chrI	1532402	1532896	495	41	195	0.394	2.135
chrI	1550950	1551391	442	33	190	0.43	1.708
chrI	1551631	1551752	122	12	59	0.484	1.799
chrI	1553792	1553898	107	9	52	0.486	1.735
chrI	1564848	1565105	258	22	110	0.426	1.877
chrI	1574296	1574446	151	10	72	0.477	1.198
chrI	1581648	1581742	95	14	49	0.516	2.239
chrI	1582472	1582566	95	6	41	0.432	1.357
chrI	1604798	1604846	49	6	27	0.551	1.729
chrI	1618365	1619077	713	52	296	0.415	1.696
chrI	1619204	1619408	205	19	93	0.454	1.803
chrI	1619793	1619871	79	9	38	0.481	2.02
chrI	1629739	1629849	111	14	59	0.532	1.828
chrI	1630638	1630769	132	7	67	0.508	0.983
chrI	1631957	1632063	107	14	69	0.645	1.265
chrI	1633572	1633679	108	11	50	0.463	1.904
chrI	1634336	1634443	108	18	61	0.565	2.118
chrI	1646991	1647194	204	14	100	0.49	1.172
chrI	1647379	1647522	144	15	74	0.514	1.579
chrI	1647783	1647892	110	15	61	0.555	1.813
chrI	1648242	1648414	173	16	84	0.486	1.602
chrI	1649458	1649620	163	23	90	0.552	1.866
chrI	1669096	1669328	233	27	139	0.597	1.333
chrI	1671520	1671625	106	13	53	0.5	1.997
chrI	1672929	1673070	142	10	68	0.479	1.246
chrI	1704070	1704209	140	15	72	0.514	1.632
chrI	1739057	1739181	125	16	72	0.576	1.554
chrI	1740111	1740255	145	15	80	0.552	1.363
chrI	1750867	1750978	112	7	57	0.509	0.98
chrI	1751748	1751844	97	6	50	0.515	0.931
chrI	1781935	1782079	145	8	76	0.524	0.824
chrI	1782867	1783488	622	58	293	0.471	1.685
chrI	1785020	1785150	131	18	68	0.519	2.056
chrI	1787226	1787387	162	9	75	0.463	1.191
chrI	1789655	1789947	293	28	164	0.56	1.225
chrI	1797295	1797406	112	20	77	0.688	1.514
chrI	1798005	1798222	218	16	107	0.491	1.224
chrI	1815079	1815215	137	12	69	0.504	1.47
chrI	1817217	1817276	60	7	28	0.467	2.246
chrI	1817681	1817890	210	35	143	0.681	1.458
chrI	1820544	1820774	231	19	114	0.494	1.353
chrI	1824457	1824576	120	6	59	0.492	0.947
chrI	1846881	1847008	128	11	61	0.477	1.517
chrI	1882864	1883163	300	22	130	0.433	1.571
chrI	1926581	1927103	523	44	213	0.407	2.036
chrI	1929110	1929329	220	17	92	0.418	1.767
chrI	1935348	1936977	1630	128	674	0.413	1.839
chrI	1937099	1938144	1046	78	424	0.405	1.816
chrI	1938501	1938737	237	14	111	0.468	1.077
chrI	1950230	1950482	253	17	101	0.399	1.707
chrI	1955663	1955835	173	13	76	0.439	1.562
chrI	1962216	1962368	153	13	66	0.431	1.826
chrI	1967032	1967377	346	25	154	0.445	1.461
chrI	1969826	1970078	253	21	120	0.474	1.518
chrI	1981558	1981664	107	11	60	0.561	1.383
chrI	1987928	1988064	137	7	56	0.409	1.229
chrI	2002287	2002415	129	9	62	0.481	1.213
chrI	2006083	2006286	204	24	114	0.559	1.519
chrI	2009811	2009929	119	7	53	0.445	1.221
chrI	2014966	2015076	111	10	47	0.423	2.238
chrI	2018681	2018799	119	17	65	0.546	1.972
chrI	2056991	2057233	243	16	100	0.412	1.596
chrI	2062705	2062814	110	8	50	0.455	1.417
chrI	2073483	2073855	373	32	186	0.499	1.412
chrI	2080991	2081312	322	21	150	0.466	1.208
chrI	2082054	2082209	156	15	77	0.494	1.641
chrI	2094000	2094094	95	6	39	0.411	1.549
chrI	2097561	2097698	138	12	78	0.565	1.095
chrI	2100778	2100915	138	14	70	0.507	1.598
chrI	2104232	2104383	152	12	65	0.428	1.727
chrI	2107049	2107139	91	7	39	0.429	1.676
chrI	2107526	2107724	199	19	94	0.472	1.777
chrI	2108101	2108440	340	26	146	0.429	1.667
chrI	2109347	2109500	154	12	67	0.435	1.65
chrI	2109654	2110037	384	26	165	0.43	1.483
chrI	2115753	2116224	472	35	205	0.434	1.575
chrI	2142542	2142624	83	11	49	0.59	1.527
chrI	2142793	2143005	213	17	105	0.493	1.32
chrI	2143810	2143959	150	18	63	0.42	2.727
chrI	2165370	2165585	216	18	93	0.431	1.798
chrI	2167988	2168431	444	47	248	0.559	1.358
chrI	2168627	2168724	98	8	41	0.418	1.867
chrI	2203711	2203807	97	16	63	0.649	1.574
chrI	2254227	2254452	226	35	140	0.619	1.655
chrI	2255012	2255823	812	136	510	0.628	1.905
chrI	2258124	2258285	162	14	68	0.42	1.964
chrI	2263670	2264000	331	30	143	0.432	1.947
chrI	2290408	2290721	314	20	127	0.404	1.562
chrI	2291689	2291925	237	19	97	0.409	1.915
chrI	2308034	2308216	183	15	99	0.541	1.163
chrI	2308361	2308463	103	12	60	0.583	1.452
chrI	2310917	2310988	72	11	42	0.583	1.796
chrI	2311779	2311985	207	18	102	0.493	1.446
chrI	2312539	2312656	118	13	68	0.576	1.328
chrI	2313823	2313951	129	15	74	0.574	1.418
chrI	2315167	2315361	195	25	111	0.569	1.598
chrI	2316738	2317122	385	35	202	0.525	1.369
chrI	2317463	2317599	137	16	75	0.547	1.582
chrI	2317734	2317903	170	24	95	0.559	1.813
chrI	2320447	2320638	192	26	104	0.542	1.857
chrI	2321402	2321512	111	17	69	0.622	1.586
chrI	2322773	2322893	121	18	77	0.636	1.472
chrI	2381703	2381826	124	12	67	0.54	1.47
chrI	2384661	2384934	274	26	152	0.555	1.233
chrI	2385136	2385303	168	19	90	0.536	1.579
chrI	2388196	2388311	116	10	64	0.552	1.161
chrI	2389559	2389679	121	9	55	0.455	1.452
chrI	2392045	2392145	101	8	47	0.465	1.48
chrI	2404720	2404958	239	27	135	0.565	1.418
chrI	2408992	2409165	174	22	80	0.46	2.394
chrI	2417273	2417486	214	26	127	0.593	1.427
chrI	2419814	2420027	214	29	132	0.617	1.425
chrI	2427055	2427248	194	22	93	0.479	1.976
chrI	2431905	2432081	177	18	88	0.497	1.646
chrI	2452413	2452506	94	15	52	0.553	2.114
chrI	2454575	2454700	126	11	54	0.429	2.038
chrI	2454856	2454982	127	10	63	0.496	1.288
chrI	2478657	2478801	145	15	79	0.545	1.648
chrI	2488272	2488423	152	16	83	0.546	1.417
chrI	2492815	2492927	113	12	61	0.54	1.477
chrI	2494991	2495270	280	13	128	0.457	0.94
chrI	2495603	2495761	159	13	82	0.516	1.236
chrI	2496269	2496443	175	15	92	0.526	1.241
chrI	2581666	2582521	856	58	337	0.394	1.751
chrI	2582687	2582826	140	11	66	0.471	1.415
chrI	2599088	2599308	221	20	114	0.516	1.371
chrI	2621407	2621533	127	11	72	0.567	1.085
chrI	2622388	2622513	126	19	81	0.643	1.498
chrI	2624933	2625055	123	14	61	0.496	1.852
chrI	2628208	2628337	130	13	66	0.508	1.677
chrI	2645748	2645933	186	17	85	0.457	1.757
chrI	2681490	2681680	191	15	94	0.492	1.298
chrI	2717639	2717805	167	13	71	0.425	1.726
chrI	2720717	2720969	253	15	111	0.439	1.237
chrI	2723905	2724044	140	14	71	0.507	1.558
chrI	2756763	2757020	258	21	137	0.531	1.162
chrI	2761381	2761481	101	15	72	0.713	1.192
chrI	2762865	2763072	208	17	77	0.37	2.389
chrI	2776682	2776795	114	14	60	0.526	1.824
chrI	2843366	2843575	210	17	93	0.443	1.656
chrI	2843713	2843870	158	14	71	0.449	1.764
chrI	2860571	2860840	270	22	118	0.437	1.707
chrI	2865951	2866037	87	8	41	0.471	1.657
chrI	2886096	2886365	270	20	123	0.456	1.432
chrI	2886561	2886798	238	19	104	0.437	1.672
chrI	2886943	2887167	225	18	93	0.413	1.873
chrI	2888891	2888977	87	9	49	0.563	1.439
chrI	2890767	2890901	135	10	72	0.533	1.227
chrI	2917135	2917392	258	19	126	0.488	1.243
chrI	2926639	2926730	92	9	47	0.511	1.516
chrI	2927792	2927927	136	10	67	0.493	1.225
chrI	2936627	2936801	175	10	73	0.417	1.389
chrI	2938934	2939152	219	17	92	0.42	1.773
chrI	2946680	2946815	136	11	69	0.507	1.303
chrI	2994589	2994718	130	9	54	0.415	1.607
chrI	2996047	2996158	112	9	55	0.491	1.44
chrI	3000783	3000912	130	12	59	0.454	1.793
chrI	3001103	3001248	146	12	84	0.575	1.162
chrI	3002669	3002771	103	7	51	0.495	1.109
chrI	3009447	3009741	295	20	122	0.414	1.621
chrI	3019163	3019314	152	10	65	0.428	1.545
chrI	3039284	3039394	111	16	60	0.541	2.03
chrI	3069872	3069948	77	8	45	0.584	1.217
chrI	3074312	3074464	153	18	69	0.451	2.354
chrI	3112852	3112990	139	24	88	0.633	1.746
chrI	3162873	3163001	129	18	78	0.605	1.531
chrI	3163305	3163460	156	11	68	0.436	1.49
chrI	3195026	3195217	192	16	88	0.458	1.608
chrI	3214081	3214239	159	13	76	0.478	1.432
chrI	3217877	3217988	112	7	42	0.375	1.778
chrI	3243656	3244001	346	27	144	0.416	1.808
chrI	3244682	3244899	218	15	103	0.472	1.242
chrI	3264749	3265074	326	27	144	0.442	1.706
chrI	3320219	3320310	92	9	44	0.478	1.711
chrI	3325389	3325967	579	42	246	0.425	1.609
chrI	3328784	3329007	224	17	117	0.522	1.117
chrI	3336498	3336608	111	15	57	0.514	2.102
chrI	3365516	3365682	167	17	96	0.575	1.277
chrI	3375411	3375517	107	12	58	0.542	1.595
chrI	3418453	3418549	97	9	43	0.443	1.898
chrI	3435317	3435548	232	21	121	0.522	1.39
chrI	3437833	3437947	115	10	53	0.461	1.643
chrI	3438077	3438459	383	33	191	0.499	1.386
chrI	3442855	3443328	474	38	206	0.435	1.706
chrI	3443651	3443847	197	17	86	0.437	1.812
chrI	3450615	3450766	152	10	72	0.474	1.294
chrI	3459516	3459631	116	11	55	0.474	1.688
chrI	3476950	3477223	274	19	111	0.405	1.69
chrI	3482582	3482705	124	14	64	0.516	1.781
chrI	3482872	3482970	99	7	53	0.535	0.987
chrI	3510559	3510706	148	11	76	0.514	1.131
chrI	3539885	3540079	195	11	84	0.431	1.233
chrI	3557298	3557398	101	8	51	0.505	1.36
chrI	3568470	3568620	151	12	70	0.464	1.51
chrI	3574564	3574754	191	17	104	0.545	1.203
chrI	3585311	3585419	109	8	47	0.431	1.585
chrI	3610285	3610447	163	14	75	0.46	1.646
chrI	3618706	3618812	107	8	46	0.43	1.618
chrI	3619332	3619473	142	9	70	0.493	1.051
chrI	3795195	3795366	172	16	86	0.5	1.542
chrI	3836460	3836779	320	16	126	0.394	1.302
chrI	3836902	3837022	121	10	58	0.479	1.44
chrI	4185845	4185975	131	18	63	0.481	2.426
chrI	4263239	4263599	361	23	162	0.449	1.317
chrI	4335473	4335616	144	13	69	0.479	1.576
chrI	4536006	4536178	173	19	97	0.561	1.515
chrI	4540795	4541008	214	17	93	0.435	2.088
chrI	4541341	4542126	786	61	339	0.431	1.972
chrI	4542251	4542493	243	19	107	0.44	1.832
chrI	4542826	4543452	627	49	277	0.442	1.859
chrI	4543583	4543793	211	14	88	0.417	1.833
chrI	4543944	4544209	266	19	118	0.444	1.836
chrI	4770482	4770637	156	14	78	0.5	1.44
chrI	4770884	4771138	255	19	135	0.529	1.077
chrI	4937850	4938020	171	19	94	0.55	1.495
chrI	4959765	4959872	108	8	59	0.546	1.016
chrI	5184666	5184768	103	8	48	0.466	1.609
chrI	5256557	5256632	76	9	44	0.579	1.413
chrI	6386102	6386438	337	34	153	0.454	2.012
chrI	6799447	6799680	234	25	129	0.551	1.41
chrI	6957645	6957745	101	8	50	0.495	1.347
chrI	7788255	7788701	447	48	182	0.407	2.674
chrI	7788851	7789080	230	28	106	0.461	2.322
chrI	8609513	8609735	223	25	107	0.48	2.102
chrI	8958634	8958734	101	10	54	0.535	1.457
chrI	8976464	8976570	107	11	60	0.561	1.314
chrI	10423120	10423682	563	47	247	0.439	1.735
chrI	10423805	10424018	214	20	102	0.477	1.646
chrI	10424148	10424697	550	46	246	0.447	1.673
chrI	10424851	10424992	142	10	64	0.451	1.388
chrI	10425483	10425677	195	15	90	0.462	1.444
chrI	10985039	10985216	178	17	82	0.461	1.801
chrI	11079161	11079358	198	30	105	0.53	2.155
chrI	11088401	11088638	238	23	120	0.504	1.531
chrI	11106463	11106604	142	9	75	0.528	0.917
chrI	11117944	11118120	177	10	68	0.384	1.532
chrI	11167393	11167566	174	13	76	0.437	1.584
chrI	11193761	11193869	109	13	56	0.514	1.828
chrI	11194452	11194590	139	11	66	0.475	1.416
chrI	11199813	11200087	275	19	114	0.415	1.641
chrI	11261680	11262402	723	149	468	0.647	2.161
chrI	11357263	11357615	353	19	139	0.394	1.392
chrI	11357769	11358000	232	14	95	0.409	1.467
chrI	11388639	11388809	171	17	77	0.45	2.002
chrI	11446335	11446494	160	18	99	0.619	1.178
chrI	11495967	11496080	114	13	63	0.553	1.494
chrI	11524093	11524354	262	18	110	0.42	1.56
chrI	11541451	11541568	118	9	59	0.5	1.229
chrI	11571122	11571803	682	50	279	0.409	1.754
chrI	11587183	11587474	292	24	152	0.521	1.25
chrI	11614617	11614686	70	7	34	0.486	1.937
chrI	11667731	11667858	128	25	102	0.797	1.58
chrI	11693209	11693284	76	6	40	0.526	1.166
chrI	11862392	11862529	138	8	63	0.457	1.115
chrI	11881472	11881724	253	18	115	0.455	1.401
chrI	11919592	11919703	112	9	59	0.527	1.175
chrI	11920278	11920511	234	21	122	0.521	1.326
chrI	11922834	11922866	33	4	16	0.485	2.2
chrI	11923023	11923200	178	16	78	0.438	1.892
chrI	11970431	11970567	137	12	63	0.46	1.661
chrI	11974943	11975128	186	15	89	0.478	1.411
chrI	11978425	11978562	138	10	68	0.493	1.211
chrI	12054490	12054582	93	10	47	0.505	1.685
chrI	12064068	12064176	109	10	56	0.514	1.406
chrI	12064815	12065101	287	26	131	0.456	1.739
chrI	12098974	12099073	100	10	47	0.47	1.812
chrI	12099201	12099487	287	23	125	0.436	1.699
chrI	12218347	12218525	179	20	103	0.575	1.449
chrI	12222696	12222798	103	15	61	0.592	1.683
chrI	12497397	12497496	100	8	47	0.47	1.449
chrI	12501578	12501720	143	15	73	0.51	1.618
chrI	12502222	12502327	106	9	45	0.425	1.893
chrI	12502978	12503078	101	16	66	0.653	1.535
chrI	12503879	12504065	187	16	92	0.492	1.458
chrI	12504425	12504535	111	11	54	0.486	1.675
chrI	12518825	12518940	116	12	57	0.491	1.714
chrI	12520163	12520285	123	11	59	0.48	1.566
chrI	12543441	12543590	150	14	84	0.56	1.201
chrI	12798167	12798239	73	5	30	0.411	1.629
chrI	12806165	12806285	121	9	60	0.496	1.211
chrI	12829904	12830037	134	14	68	0.507	1.624
chrI	12835700	12835805	106	11	60	0.566	1.319
chrI	12860159	12860273	115	11	54	0.47	1.738
chrI	12861362	12861535	174	12	83	0.477	1.295
chrI	12861653	12861950	298	22	128	0.43	1.602
chrI	12895169	12895600	432	41	239	0.553	1.295
chrI	12927852	12927944	93	9	38	0.409	2.325
chrI	12977085	12977239	155	18	85	0.548	1.555
chrI	12985894	12986288	395	27	163	0.413	1.606
chrI	12986991	12987166	176	17	93	0.528	1.385
chrI	13024355	13025087	733	64	332	0.453	1.725
chrI	13025218	13026494	1277	110	574	0.449	1.727
chrI	13026770	13026930	161	14	72	0.447	1.773
chrI	13173395	13173508	114	9	51	0.447	1.727
chrI	13490134	13490271	138	5	62	0.449	0.718
chrI	13490788	13490912	125	10	54	0.432	1.736
chrI	13495116	13495244	129	14	73	0.566	1.358
chrI	13566225	13566512	288	23	151	0.524	1.166
chrI	13669760	13669865	106	12	59	0.557	1.563
chrI	13797157	13797260	104	7	47	0.452	1.324
chrI	13810001	13810062	62	5	30	0.484	1.55
chrI	13831104	13831228	125	8	70	0.56	0.861
chrI	13854339	13854472	134	14	69	0.515	1.593
chrI	13969288	13969473	186	13	89	0.478	1.267
chrI	13971973	13972081	109	11	53	0.486	1.723
chrI	13972489	13972679	191	11	90	0.471	1.117
chrI	14108721	14108834	114	10	62	0.544	1.324
chrI	14121732	14121851	120	11	62	0.517	1.375
chrI	14171696	14171812	117	9	51	0.436	1.62
chrI	14308356	14308592	237	19	106	0.447	1.608
chrI	14308710	14309008	299	23	129	0.431	1.656
chrI	14311812	14312192	381	30	169	0.444	1.601
chrI	14394159	14394783	625	49	269	0.43	1.693
chrI	14460502	14462545	2044	158	794	0.388	2.049
chrI	14489490	14489965	476	49	221	0.464	1.911
chrI	14529197	14529359	163	18	100	0.613	1.174
chrI	14530245	14530407	163	9	71	0.436	1.166
chrI	14553317	14553663	347	26	142	0.409	1.79
chrI	14562255	14562512	258	29	119	0.461	2.132
chrI	14563248	14563376	129	12	61	0.473	1.675
chrI	14581837	14581997	161	16	88	0.547	1.419
chrI	14582170	14582337	168	18	97	0.577	1.309
chrI	14653500	14653601	102	9	45	0.441	1.821
chrI	14752043	14752157	115	8	55	0.478	1.227
chrI	14766051	14766164	114	7	51	0.447	1.231
chrI	14781221	14781563	343	21	141	0.411	1.476
chrI	14828913	14829023	111	8	48	0.432	1.566
chrI	14851527	14851712	186	17	81	0.435	2.04
chrI	15022579	15022827	249	25	110	0.442	2.075
chrI	15030819	15030933	115	9	52	0.452	1.531
chrIV	8401	8493	93	9	52	0.559	1.24
chrIV	36536	36661	126	14	73	0.579	1.33
chrIV	39399	39505	107	13	62	0.579	1.449
chrIV	186819	187039	221	21	97	0.439	1.983
chrIV	191943	192047	105	9	54	0.514	1.421
chrIV	207843	207954	112	9	48	0.429	1.762
chrIV	228042	228226	185	19	106	0.573	1.274
chrIV	516031	516272	242	24	123	0.508	1.536
chrIV	578402	578525	124	11	58	0.468	1.653
chrIV	578683	578796	114	12	58	0.509	1.634
chrIV	578926	579186	261	24	138	0.529	1.35
chrIV	580385	580624	240	30	133	0.554	1.709
chrIV	655914	656049	136	13	68	0.5	1.597
chrIV	658084	658257	174	16	99	0.569	1.156
chrIV	787679	787834	156	10	63	0.404	1.582
chrIV	792193	792344	152	20	83	0.546	1.825
chrIV	795958	796059	102	15	63	0.618	1.552
chrIV	801901	802053	153	15	72	0.471	1.889
chrIV	806660	806793	134	10	53	0.396	2.03
chrIV	849936	850159	224	34	119	0.531	2.164
chrIV	876979	877212	234	20	124	0.53	1.219
chrIV	879268	879376	109	11	47	0.431	3.028
chrIV	880484	880585	102	8	53	0.52	1.196
chrIV	972591	972795	205	20	109	0.532	1.38
chrIV	992628	992727	100	7	47	0.47	1.411
chrIV	1000208	1000379	172	20	89	0.517	1.755
chrIV	1012179	1012282	104	9	52	0.5	1.529
chrIV	1015496	1015597	102	9	51	0.5	1.481
chrIV	1019872	1020030	159	15	92	0.579	1.132
chrIV	1020633	1020767	135	9	71	0.526	0.964
chrIV	1057238	1057354	117	11	56	0.479	1.788
chrIV	1171882	1171982	101	8	48	0.475	1.443
chrIV	1194183	1194335	153	9	60	0.392	1.532
chrIV	1279765	1279933	169	14	72	0.426	1.826
chrIV	1280053	1280213	161	13	70	0.435	1.71
chrIV	1280361	1280843	483	36	207	0.429	1.625
chrIV	1281029	1281452	424	32	183	0.432	1.621
chrIV	1281796	1282000	205	13	84	0.41	1.511
chrIV	1323379	1323476	98	5	41	0.418	1.172
chrIV	1352004	1352210	207	18	91	0.44	1.81
chrIV	1370332	1370700	369	30	151	0.409	1.944
chrIV	1414130	1414286	157	16	76	0.484	1.759
chrIV	1416241	1416386	146	8	63	0.432	1.202
chrIV	1566838	1566981	144	14	66	0.458	1.858
chrIV	1593664	1593852	189	12	90	0.476	1.14
chrIV	1595555	1595782	228	24	131	0.575	1.281
chrIV	1713004	1713129	126	17	72	0.571	1.653
chrIV	1739505	1739686	182	18	100	0.549	1.39
chrIV	1746519	1746658	140	12	67	0.479	1.514
chrIV	1759384	1759485	102	10	55	0.539	1.349
chrIV	1848471	1848669	199	18	89	0.447	2.097
chrIV	1860005	1860218	214	19	92	0.43	1.922
chrIV	1931334	1931759	426	47	194	0.455	2.143
chrIV	1931924	1932109	186	22	91	0.489	1.983
chrIV	1932238	1932329	92	12	47	0.511	2.007
chrIV	1932789	1933407	619	69	292	0.472	2.017
chrIV	1938625	1938774	150	13	70	0.467	1.613
chrIV	1938919	1939162	244	19	113	0.463	1.478
chrIV	1940466	1940700	235	14	115	0.489	0.999
chrIV	1945955	1946124	170	17	85	0.5	1.611
chrIV	1949912	1950206	295	16	117	0.397	1.85
chrIV	1950352	1951708	1357	63	534	0.394	1.611
chrIV	1951836	1952416	581	30	227	0.391	1.969
chrIV	1961053	1961312	260	22	115	0.442	1.76
chrIV	1963719	1963880	162	18	81	0.5	1.78
chrIV	1964417	1964620	204	22	105	0.515	1.632
chrIV	1966148	1966254	107	7	55	0.514	1.049
chrIV	1976367	1976712	346	24	147	0.425	1.537
chrIV	1976838	1977117	280	21	113	0.404	1.846
chrIV	1980723	1980852	130	9	58	0.446	1.398
chrIV	1986550	1986718	169	12	80	0.473	1.275
chrIV	1994398	1994479	82	7	41	0.5	1.367
chrIV	1996519	1996630	112	13	58	0.518	1.733
chrIV	1998223	1998325	103	6	46	0.447	1.177
chrIV	2000946	2001282	337	25	149	0.442	1.555
chrIV	2003975	2004106	132	13	66	0.5	1.576
chrIV	2139085	2139216	132	10	63	0.477	1.331
chrIV	2139343	2139953	611	52	277	0.453	1.657
chrIV	2231486	2231556	71	11	42	0.592	1.775
chrIV	2233625	2233760	136	9	63	0.463	1.234
chrIV	2250761	2250925	165	13	73	0.442	1.61
chrIV	2266447	2266720	274	26	112	0.409	2.283
chrIV	2268934	2269088	155	15	72	0.465	1.816
chrIV	2273264	2273356	93	7	47	0.505	1.179
chrIV	2342672	2342793	122	10	62	0.508	1.27
chrIV	2385539	2385642	104	15	55	0.529	2.12
chrIV	2388436	2388544	109	14	70	0.642	1.246
chrIV	2389071	2389200	130	13	78	0.6	1.16
chrIV	2390882	2391070	189	23	97	0.513	1.893
chrIV	2391459	2391585	127	19	68	0.535	2.134
chrIV	2393127	2393330	204	21	123	0.603	1.133
chrIV	2395185	2395358	174	18	86	0.494	1.695
chrIV	2399924	2400086	163	13	76	0.466	1.472
chrIV	2512187	2512301	115	12	57	0.496	1.7
chrIV	2516740	2517062	323	25	133	0.412	1.917
chrIV	2517184	2517473	290	22	120	0.414	1.874
chrIV	2517627	2517745	119	12	54	0.454	2.061
chrIV	2527904	2527995	92	6	42	0.457	1.299
chrIV	2528386	2528521	136	10	56	0.412	1.737
chrIV	2552034	2552159	126	15	78	0.619	1.256
chrIV	2605623	2605737	115	16	59	0.513	2.13
chrIV	2605954	2606057	104	11	46	0.442	2.167
chrIV	2650608	2651063	456	37	205	0.45	1.617
chrIV	2651894	2652094	201	22	98	0.488	1.842
chrIV	2672828	2672926	99	10	46	0.465	1.871
chrIV	2673185	2673258	74	5	30	0.405	1.652
chrIV	2673464	2673556	93	5	41	0.441	1.123
chrIV	2673951	2674091	141	12	69	0.489	1.429
chrIV	2676816	2676909	94	10	54	0.574	1.356
chrIV	2684864	2684991	128	12	60	0.469	1.724
chrIV	2750309	2750412	104	14	58	0.558	1.74
chrIV	2885885	2886253	369	31	155	0.42	1.905
chrIV	2886405	2886512	108	10	45	0.417	2.134
chrIV	2891153	2891261	109	13	55	0.505	1.925
chrIV	2908287	2908431	145	9	73	0.503	0.989
chrIV	2975279	2975647	369	29	156	0.423	1.761
chrIV	2975766	2976048	283	23	117	0.413	1.919
chrIV	3004924	3005175	252	22	110	0.437	1.883
chrIV	3005300	3005458	159	15	70	0.44	2.006
chrIV	3026528	3026638	111	15	58	0.523	2.04
chrIV	3041712	3041916	205	18	100	0.488	1.478
chrIV	3042527	3042734	208	16	98	0.471	1.387
chrIV	3050480	3050602	123	9	63	0.512	1.324
chrIV	3054996	3055101	106	8	53	0.5	1.346
chrIV	3063065	3063356	292	35	178	0.61	1.307
chrIV	3126325	3126450	126	15	63	0.5	1.917
chrIV	3149373	3150736	1364	93	562	0.412	1.62
chrIV	3205121	3205226	106	16	59	0.557	1.949
chrIV	3218351	3218449	99	11	57	0.576	1.361
chrIV	3222956	3223073	118	10	51	0.432	1.815
chrIV	3223334	3223441	108	6	44	0.407	1.364
chrIV	3225656	3225793	138	12	66	0.478	1.522
chrIV	3240225	3240413	189	13	91	0.481	1.187
chrIV	3287231	3287353	123	14	61	0.496	1.892
chrIV	3292730	3292833	104	13	54	0.519	1.865
chrIV	3310055	3310698	644	51	273	0.424	1.78
chrIV	3311410	3311537	128	19	80	0.625	1.67
chrIV	3312452	3312594	143	12	65	0.455	1.673
chrIV	3325813	3326287	475	39	213	0.448	1.639
chrIV	3380319	3380461	143	17	75	0.524	1.767
chrIV	3587887	3588001	115	12	61	0.53	1.503
chrIV	3594326	3594545	220	23	116	0.527	1.541
chrIV	3597306	3597395	90	12	54	0.6	1.484
chrIV	3690694	3690802	109	14	62	0.569	1.615
chrIV	3694208	3694361	154	12	86	0.558	1.019
chrIV	3717471	3717610	140	22	77	0.55	2.081
chrIV	3719046	3719202	157	12	74	0.471	1.803
chrIV	3808922	3809166	245	20	124	0.506	1.278
chrIV	4039488	4039591	104	11	51	0.49	1.845
chrIV	4040796	4040912	117	11	50	0.427	2.145
chrIV	4041170	4041358	189	25	102	0.54	1.823
chrIV	4042992	4043094	103	11	57	0.553	1.406
chrIV	4047239	4047410	172	12	89	0.517	1.042
chrIV	4048385	4048526	142	14	81	0.57	1.212
chrIV	4084568	4084751	184	14	77	0.418	1.789
chrIV	4166787	4167377	591	138	386	0.653	2.304
chrIV	4172535	4172619	85	6	45	0.529	1.049
chrIV	4179315	4179394	80	10	44	0.55	1.684
chrIV	4252962	4253151	190	18	97	0.511	1.455
chrIV	4254130	4254402	273	28	141	0.516	1.573
chrIV	4254546	4254697	152	18	83	0.546	1.594
chrIV	4255431	4255634	204	27	120	0.588	1.768
chrIV	4313087	4313401	315	34	181	0.575	1.463
chrIV	4314128	4314305	178	17	102	0.573	1.165
chrIV	4314535	4314703	169	19	97	0.574	1.383
chrIV	4315039	4315229	191	22	102	0.534	1.647
chrIV	4319216	4319328	113	13	55	0.487	1.996
chrIV	4360241	4360345	105	15	60	0.571	1.758
chrIV	4392487	4392602	116	12	58	0.5	1.706
chrIV	4408935	4409041	107	12	67	0.626	1.176
chrIV	4412032	4412220	189	22	113	0.598	1.333
chrIV	4447787	4447871	85	12	47	0.553	1.954
chrIV	4452500	4452812	313	20	129	0.412	1.516
chrIV	4507323	4508097	775	64	331	0.427	1.829
chrIV	4510271	4510495	225	16	99	0.44	1.481
chrIV	4658848	4658945	98	13	65	0.663	1.213
chrIV	4701298	4701405	108	9	58	0.537	1.207
chrIV	4701557	4701839	283	22	147	0.519	1.153
chrIV	4760031	4760198	168	16	84	0.5	1.527
chrIV	5485461	5485631	171	16	96	0.561	1.206
chrIV	5486975	5487082	108	9	60	0.556	1.091
chrIV	5487228	5487353	126	13	66	0.524	1.517
chrIV	5488122	5488386	265	22	134	0.506	1.313
chrIV	5684199	5684305	107	10	53	0.495	1.748
chrIV	6320543	6320683	141	21	89	0.631	1.497
chrIV	6349691	6349852	162	10	74	0.457	1.205
chrIV	6421647	6421870	224	23	117	0.522	1.508
chrIV	8631378	8631472	95	11	48	0.505	1.843
chrIV	11110703	11110816	114	10	65	0.57	1.159
chrIV	11609967	11610159	193	28	117	0.606	2.07
chrIV	11615768	11615929	162	18	74	0.457	2.136
chrIV	11616642	11616896	255	33	151	0.592	2.073
chrIV	12144245	12144406	162	19	82	0.506	1.832
chrIV	12296511	12296727	217	14	91	0.419	1.587
chrIV	12447238	12447319	82	5	36	0.439	1.265
chrIV	12490936	12491048	113	13	58	0.513	1.749
chrIV	12569352	12569429	78	6	38	0.487	1.44
chrIV	12603108	12603504	397	29	167	0.421	1.678
chrIV	12603633	12603801	169	15	73	0.432	1.932
chrIV	12643231	12643383	153	10	66	0.431	1.547
chrIV	12678327	12678468	142	13	59	0.415	2.127
chrIV	12678977	12679213	237	15	94	0.397	1.61
chrIV	12681165	12681226	62	8	30	0.484	2.244
chrIV	12726852	12726985	134	12	63	0.47	1.621
chrIV	12727131	12727309	179	17	86	0.48	1.647
chrIV	12730668	12730881	214	18	94	0.439	2.006
chrIV	12731004	12731840	837	69	368	0.44	1.949
chrIV	12731965	12732256	292	27	131	0.449	2.109
chrIV	12732381	12732654	274	26	123	0.449	2.119
chrIV	12830991	12831130	140	8	58	0.414	1.346
chrIV	12856490	12856642	153	17	75	0.49	1.89
chrIV	13269189	13269308	120	12	57	0.475	1.778
chrIV	13279506	13279659	154	7	64	0.416	1.123
chrIV	13284102	13284253	152	13	67	0.441	1.81
chrIV	13305011	13305111	101	8	47	0.465	1.469
chrIV	13357078	13357186	109	8	46	0.422	1.769
chrIV	13376294	13376638	345	32	147	0.426	2.048
chrIV	13397121	13397593	473	40	216	0.457	1.639
chrIV	13398166	13398399	234	17	102	0.436	1.544
chrIV	13421637	13421998	362	22	145	0.401	1.519
chrIV	13422111	13422277	167	11	66	0.395	1.693
chrIV	13428351	13428441	91	8	45	0.495	1.439
chrIV	13450163	13450385	223	12	93	0.417	1.245
chrIV	13453386	13453502	117	8	58	0.496	1.163
chrIV	13476536	13476673	138	13	69	0.5	1.51
chrIV	13481173	13481422	250	22	114	0.456	1.698
chrIV	13481551	13481709	159	15	73	0.459	1.793
chrIV	13511169	13511298	130	14	69	0.531	1.556
chrIV	13511888	13512080	193	18	111	0.575	1.128
chrIV	13523621	13524119	499	37	209	0.419	1.697
chrIV	13532367	13532492	126	8	57	0.452	1.26
chrIV	13686472	13686735	264	19	122	0.462	1.361
chrIV	13686867	13686969	103	12	60	0.583	1.387
chrIV	13884628	13884832	205	22	129	0.629	1.087
chrIV	14063271	14063375	105	11	57	0.543	1.444
chrIV	14064017	14064376	360	35	188	0.522	1.434
chrIV	14081482	14081680	199	14	86	0.432	1.593
chrIV	14082008	14082222	215	16	98	0.456	1.442
chrIV	14108487	14108722	236	21	122	0.517	1.335
chrIV	14208191	14208942	752	86	432	0.574	1.389
chrIV	14209055	14209168	114	14	64	0.561	1.565
chrIV	14955728	14956002	275	19	116	0.422	1.554
chrIV	15010834	15010922	89	8	44	0.494	1.471
chrIV	15012546	15012718	173	19	101	0.584	1.318
chrIV	15026994	15027152	159	17	85	0.535	1.498
chrIV	15029916	15030127	212	13	91	0.429	1.392
chrIV	15447090	15447305	216	17	102	0.472	1.412
chrIV	15459484	15459605	122	11	56	0.459	1.732
chrIV	15473184	15473328	145	14	83	0.572	1.18
chrIV	15514032	15514186	155	10	81	0.523	0.957
chrIV	15785003	15785184	182	16	91	0.5	1.446
chrIV	16493320	16493448	129	10	66	0.512	1.189
chrIV	16648677	16648961	285	28	156	0.547	1.312
chrIV	16649577	16649744	168	17	100	0.595	1.144
chrIV	16650355	16650719	365	41	209	0.573	1.549
chrIV	16850421	16850687	267	32	142	0.532	1.698
chrIV	16856107	16856266	160	12	81	0.506	1.273
chrIV	16858819	16859088	270	17	123	0.456	1.227
chrIV	16860688	16861011	324	33	180	0.556	1.321
chrIV	16863238	16863371	134	15	76	0.567	1.396
chrIV	16864877	16865003	127	14	71	0.559	1.497
chrIV	16866193	16866334	142	14	80	0.563	1.416
chrIV	16866630	16866729	100	16	61	0.61	1.743
chrIV	16933891	16934078	188	26	109	0.58	1.657
chrIV	16934392	16934525	134	12	75	0.56	1.567
chrIV	16935575	16935694	120	9	57	0.475	1.35
chrIV	16935865	16936013	149	15	85	0.57	1.267
chrIV	16936188	16936417	230	25	144	0.626	1.212
chrIV	16937983	16938072	90	12	45	0.5	2.186
chrIV	16947286	16947520	235	13	112	0.477	0.985
chrIV	16950557	16950713	157	13	81	0.516	1.268
chrIV	16955032	16955230	199	13	91	0.457	1.307
chrIV	16957011	16957117	107	11	54	0.505	1.651
chrIV	16958119	16958255	137	13	71	0.518	1.549
chrIV	16960674	16960889	216	17	120	0.556	1.023
chrIV	17004810	17004898	89	9	55	0.618	1.122
chrIV	17085348	17085559	212	17	100	0.472	1.456
chrIV	17098212	17098334	123	9	49	0.398	1.851
chrIV	17100529	17100652	124	7	58	0.468	1.096
chrIV	17108387	17108526	140	12	65	0.464	1.6
chrIV	17110082	17110249	168	26	94	0.56	1.985
chrIV	17115873	17115982	110	9	61	0.555	1.1
chrIV	17116442	17116534	93	14	50	0.538	2.097
chrIV	17136326	17136446	121	14	74	0.612	1.237
chrV	100881	101025	145	11	61	0.421	1.726
chrV	105088	105229	142	11	70	0.493	1.276
chrV	114562	114751	190	18	98	0.516	1.425
chrV	122109	122304	196	27	110	0.561	1.787
chrV	178590	178721	132	15	67	0.508	1.784
chrV	189337	189680	344	24	171	0.497	1.191
chrV	189909	190039	131	13	71	0.542	1.456
chrV	191199	191382	184	15	88	0.478	1.444
chrV	193049	193309	261	21	139	0.533	1.138
chrV	193424	193536	113	11	67	0.593	1.12
chrV	194432	194543	112	15	68	0.607	1.5
chrV	196811	197073	263	25	139	0.529	1.377
chrV	297855	297974	120	13	68	0.567	1.354
chrV	302288	302457	170	17	79	0.465	1.855
chrV	303094	303216	123	11	75	0.61	1.044
chrV	303345	303633	289	29	159	0.55	1.33
chrV	305956	306108	153	18	79	0.516	1.851
chrV	351859	352032	174	15	82	0.471	1.561
chrV	354595	354897	303	28	166	0.548	1.258
chrV	356943	357056	114	11	76	0.667	0.869
chrV	358351	358576	226	24	136	0.602	1.182
chrV	689348	689472	125	12	69	0.552	1.263
chrV	773745	773921	177	15	98	0.554	1.106
chrV	774239	774470	232	23	134	0.578	1.195
chrV	776169	776334	166	12	71	0.428	1.606
chrV	905537	905669	133	10	64	0.481	1.556
chrV	910416	910568	153	13	75	0.49	1.427
chrV	914634	914764	131	15	72	0.55	1.521
chrV	945493	945600	108	10	50	0.463	1.728
chrV	948177	948289	113	9	54	0.478	1.529
chrV	951591	951695	105	10	54	0.514	1.875
chrV	954480	954624	145	14	63	0.434	2.051
chrV	956447	956575	129	14	55	0.426	2.395
chrV	966015	966219	205	13	97	0.473	1.2
chrV	967798	967905	108	10	48	0.444	1.929
chrV	968094	968181	88	6	42	0.477	1.222
chrV	994127	995004	878	63	361	0.411	1.716
chrV	1001047	1001280	234	27	144	0.615	1.223
chrV	1002000	1002445	446	39	186	0.417	2.012
chrV	1008690	1008846	157	23	85	0.541	2.013
chrV	1009039	1009167	129	14	77	0.597	1.22
chrV	1010147	1010286	140	13	60	0.429	2.043
chrV	1016287	1016427	141	13	72	0.511	1.424
chrV	1016558	1016650	93	7	46	0.495	1.269
chrV	1020434	1020574	141	16	73	0.518	1.749
chrV	1152975	1153242	268	25	126	0.47	1.741
chrV	1153925	1154093	169	10	92	0.544	0.799
chrV	1188219	1188526	308	27	149	0.484	1.502
chrV	1193031	1194129	1099	68	449	0.409	1.483
chrV	1196400	1196673	274	20	129	0.471	1.327
chrV	1199443	1199660	218	38	154	0.706	1.417
chrV	1207974	1208065	92	7	45	0.489	1.273
chrV	1210188	1210431	244	19	114	0.467	1.456
chrV	1212402	1212514	113	11	56	0.496	1.587
chrV	1214928	1215166	239	16	102	0.427	1.475
chrV	1215336	1215752	417	25	170	0.408	1.448
chrV	1215871	1216045	175	11	73	0.417	1.452
chrV	1216484	1216631	148	9	61	0.412	1.435
chrV	1216766	1216924	159	10	69	0.434	1.338
chrV	1217094	1217217	124	7	53	0.427	1.247
chrV	1217363	1217615	253	16	103	0.407	1.528
chrV	1218094	1218400	307	21	129	0.42	1.552
chrV	1218694	1218847	154	11	64	0.416	1.833
chrV	1260645	1260746	102	15	55	0.539	2.04
chrV	1370085	1370243	159	9	64	0.403	1.403
chrV	1374804	1375089	286	28	156	0.545	1.324
chrV	1376463	1376621	159	20	94	0.591	1.456
chrV	1377791	1377973	183	15	101	0.552	1.135
chrV	1379475	1379723	249	21	128	0.514	1.323
chrV	1380065	1380206	142	18	87	0.613	1.36
chrV	1382166	1382399	234	23	122	0.521	1.456
chrV	1386415	1386525	111	13	53	0.477	2.073
chrV	1387256	1387339	84	9	37	0.44	2.211
chrV	1469065	1469247	183	12	80	0.437	1.404
chrV	1469810	1469962	153	15	79	0.516	1.5
chrV	1496559	1496646	88	8	42	0.477	1.611
chrV	1712322	1712786	465	41	188	0.404	2.231
chrV	1713335	1713943	609	55	242	0.397	2.359
chrV	1763425	1763522	98	16	56	0.571	2.01
chrV	1764056	1764162	107	8	57	0.533	1.081
chrV	1768038	1768191	154	11	66	0.429	1.556
chrV	1768966	1769069	104	11	54	0.519	1.682
chrV	1774075	1774193	119	17	64	0.538	2.007
chrV	1814633	1814730	98	12	47	0.48	2.253
chrV	1823919	1824031	113	10	52	0.46	1.694
chrV	1868225	1868353	129	8	61	0.473	1.112
chrV	1869104	1869247	144	12	82	0.569	1.029
chrV	1873560	1873911	352	37	185	0.526	1.523
chrV	1878027	1878209	183	21	113	0.617	1.205
chrV	1886142	1886370	229	17	101	0.441	1.53
chrV	2055267	2055377	111	13	56	0.505	1.862
chrV	2059443	2059583	141	12	78	0.553	1.113
chrV	2073130	2073254	125	11	63	0.504	1.395
chrV	2088303	2088516	214	23	109	0.509	1.681
chrV	2088672	2088784	113	8	52	0.46	1.442
chrV	2092322	2092449	128	15	65	0.508	1.839
chrV	2130547	2130849	303	21	128	0.422	1.572
chrV	2372948	2373051	104	15	56	0.538	2.013
chrV	2373313	2373506	194	14	86	0.443	1.472
chrV	2387060	2387241	182	14	86	0.473	1.381
chrV	2415111	2415308	198	15	88	0.444	1.535
chrV	2419699	2420175	477	40	242	0.507	1.321
chrV	2420473	2420688	216	21	111	0.514	1.493
chrV	2424424	2424533	110	8	54	0.491	1.294
chrV	2469233	2469350	118	10	52	0.441	1.769
chrV	2481254	2481467	214	15	93	0.435	1.486
chrV	2527968	2528081	114	14	60	0.526	1.791
chrV	2528785	2529017	233	21	115	0.494	1.483
chrV	2532693	2532827	135	10	69	0.511	1.227
chrV	2602166	2602308	143	20	80	0.559	1.862
chrV	2610786	2611263	478	33	216	0.452	1.396
chrV	2611641	2612078	438	30	192	0.438	1.428
chrV	2612262	2612366	105	10	53	0.505	1.496
chrV	2634707	2634818	112	20	72	0.643	1.762
chrV	2639041	2639233	193	20	99	0.513	1.583
chrV	2639764	2639932	169	14	90	0.533	1.178
chrV	2640310	2640432	123	10	57	0.463	1.553
chrV	2641134	2641322	189	20	91	0.481	1.844
chrV	2644174	2644432	259	19	109	0.421	1.657
chrV	2644567	2644818	252	25	134	0.532	1.415
chrV	2648192	2648413	222	25	121	0.545	1.814
chrV	2648997	2649132	136	9	58	0.426	1.471
chrV	2650524	2650727	204	14	102	0.5	1.174
chrV	2651203	2651451	249	22	134	0.538	1.238
chrV	2651618	2651727	110	7	50	0.455	1.232
chrV	2652940	2653028	89	12	59	0.663	1.271
chrV	2653185	2653439	255	22	132	0.518	1.34
chrV	2655109	2655329	221	16	88	0.398	1.827
chrV	2657084	2657166	83	12	46	0.554	2.075
chrV	2660693	2661121	429	34	186	0.434	1.687
chrV	2661925	2662240	316	27	149	0.472	1.553
chrV	2662961	2663104	144	18	81	0.562	1.586
chrV	2674505	2674654	150	10	64	0.427	1.488
chrV	2689419	2689647	229	19	94	0.41	1.971
chrV	2700176	2700288	113	11	64	0.566	1.215
chrV	2700413	2700617	205	21	105	0.512	1.615
chrV	2777442	2777744	303	59	241	0.795	1.628
chrV	3206655	3206766	112	10	52	0.464	1.72
chrV	3212947	3213089	143	14	62	0.434	2.103
chrV	3213204	3213668	465	36	190	0.409	1.885
chrV	3213999	3214535	537	48	240	0.447	1.796
chrV	3216591	3216703	113	12	59	0.522	1.58
chrV	3560767	3560875	109	13	55	0.505	1.905
chrV	3581618	3581758	141	19	86	0.61	1.469
chrV	3583015	3583121	107	8	55	0.514	1.132
chrV	3583516	3583710	195	25	106	0.544	1.735
chrV	3589749	3589965	217	14	93	0.429	1.406
chrV	3688117	3688289	173	11	73	0.422	1.442
chrV	3689368	3689485	118	10	50	0.424	1.888
chrV	3692847	3693003	157	11	65	0.414	1.635
chrV	3694132	3694228	97	10	41	0.423	2.321
chrV	3695216	3695314	99	10	39	0.394	2.647
chrV	3698479	3698625	147	14	78	0.531	1.376
chrV	3699632	3699793	162	11	79	0.488	1.142
chrV	3702943	3703044	102	7	50	0.49	1.142
chrV	3703881	3703978	98	6	55	0.561	0.883
chrV	3742605	3742719	115	12	56	0.487	1.762
chrV	3746709	3746957	249	21	133	0.534	1.241
chrV	3747126	3747230	105	8	49	0.467	1.414
chrV	3750323	3750425	103	17	71	0.689	1.392
chrV	3751864	3752097	234	30	128	0.547	1.729
chrV	3752214	3752308	95	6	47	0.495	1.056
chrV	3753793	3753935	143	13	64	0.448	1.817
chrV	3754400	3754567	168	10	75	0.446	1.195
chrV	3755414	3755532	119	8	57	0.479	1.181
chrV	3757343	3757468	126	16	74	0.587	1.477
chrV	3758062	3758283	222	26	120	0.541	1.607
chrV	3760325	3760508	184	18	87	0.473	1.769
chrV	3760661	3760770	110	9	53	0.482	1.414
chrV	4144640	4144738	99	8	54	0.545	1.143
chrV	4167625	4167819	195	11	84	0.431	1.222
chrV	4169106	4169217	112	9	50	0.446	1.623
chrV	4176595	4176738	144	12	68	0.472	1.5
chrV	4176863	4176977	115	8	52	0.452	1.438
chrV	4182503	4182608	106	18	71	0.67	1.522
chrV	4184420	4184622	203	11	86	0.424	1.351
chrV	4190220	4190422	203	21	92	0.453	2.095
chrV	4191176	4191291	116	16	65	0.56	1.761
chrV	4197551	4197768	218	16	88	0.404	1.805
chrV	4200311	4200695	385	26	177	0.46	1.287
chrV	4204639	4204730	92	6	40	0.435	1.412
chrV	4206489	4206545	57	9	32	0.561	2.138
chrV	4207991	4208140	150	19	82	0.547	1.699
chrV	4342667	4343052	386	26	189	0.49	1.125
chrV	4348880	4349023	144	14	70	0.486	1.658
chrV	4349766	4349945	180	12	79	0.439	1.395
chrV	4377295	4377424	130	13	68	0.523	1.482
chrV	4447123	4447230	108	6	52	0.481	0.995
chrV	4469963	4470151	189	13	77	0.407	1.66
chrV	4546197	4546288	92	7	46	0.5	1.238
chrV	4552675	4552781	107	6	51	0.477	1.239
chrV	4566395	4566528	134	14	75	0.56	1.334
chrV	4569535	4569602	68	8	32	0.471	2.133
chrV	4576804	4576952	149	14	70	0.47	1.704
chrV	4621967	4622111	145	16	80	0.552	1.454
chrV	4628912	4629025	114	12	50	0.439	2.189
chrV	4689447	4689585	139	12	66	0.475	1.537
chrV	4689944	4690045	102	9	54	0.529	1.261
chrV	4690979	4691341	363	27	164	0.452	1.54
chrV	4732321	4732717	397	31	200	0.504	1.231
chrV	4759751	4759936	186	11	83	0.446	1.192
chrV	4820953	4821489	537	50	286	0.533	1.313
chrV	4827697	4827840	144	10	62	0.431	1.672
chrV	5111602	5111745	144	9	67	0.465	1.216
chrV	5115101	5115353	253	20	112	0.443	1.616
chrV	5115866	5115981	116	9	59	0.509	1.2
chrV	5117813	5117999	187	15	77	0.412	1.9
chrV	5125789	5126063	275	22	117	0.425	1.784
chrV	5181139	5181255	117	10	60	0.513	1.3
chrV	5212960	5213068	109	7	53	0.486	1.106
chrV	5215444	5215697	254	20	100	0.394	2.035
chrV	5436113	5436413	301	23	131	0.435	1.614
chrV	5437380	5437496	117	14	55	0.47	2.172
chrV	5683793	5683943	151	9	68	0.45	1.192
chrV	5717461	5717700	240	18	101	0.421	1.708
chrV	5720735	5720881	147	11	75	0.51	1.152
chrV	5721009	5721125	117	10	58	0.496	1.418
chrV	5721549	5721658	110	11	60	0.545	1.369
chrV	5721944	5722097	154	15	81	0.526	1.419
chrV	5722903	5723066	164	14	83	0.506	1.343
chrV	5723248	5723622	375	38	191	0.509	1.572
chrV	6043408	6043578	171	19	75	0.439	2.331
chrV	7218675	7218830	156	13	82	0.526	1.457
chrV	7583599	7583781	183	14	80	0.437	1.605
chrV	7779641	7779699	59	11	37	0.627	1.967
chrV	10683812	10684034	223	25	121	0.543	1.524
chrV	11483920	11484032	113	17	67	0.593	1.712
chrV	11484789	11485192	404	30	188	0.465	1.372
chrV	11485364	11485511	148	13	71	0.48	1.529
chrV	12454834	12454922	89	8	46	0.517	1.369
chrV	13437869	13437965	97	8	43	0.443	1.702
chrV	13438903	13439073	171	12	72	0.421	1.614
chrV	13645023	13645506	484	35	185	0.382	2.082
chrV	13647619	13648324	706	54	272	0.385	2.127
chrV	13649124	13649390	267	30	123	0.461	2.15
chrV	13649888	13650048	161	25	98	0.609	2.1
chrV	14705298	14705584	287	22	133	0.463	1.43
chrV	14705728	14705969	242	19	113	0.467	1.45
chrV	15517240	15517341	102	7	47	0.461	1.368
chrV	15539420	15539551	132	17	75	0.568	1.631
chrV	15541136	15541339	204	12	85	0.417	1.388
chrV	15574402	15574515	114	14	59	0.518	1.847
chrV	15575839	15575942	104	10	49	0.471	1.733
chrV	15577473	15577616	144	16	75	0.521	1.662
chrV	16026229	16026337	109	11	58	0.532	1.441
chrV	16027633	16027746	114	15	68	0.596	1.481
chrV	16027979	16028147	169	14	86	0.509	1.291
chrV	16355828	16356127	300	24	135	0.45	1.58
chrV	16358626	16358749	124	17	76	0.613	1.476
chrV	16368428	16368512	85	7	39	0.459	1.617
chrV	16540527	16540657	131	10	64	0.489	1.284
chrV	16546798	16546894	97	9	43	0.443	1.898
chrV	16552869	16553176	308	22	137	0.445	1.462
chrV	16555302	16555394	93	5	45	0.484	1.174
chrV	16556703	16556840	138	11	67	0.486	1.36
chrV	16561630	16561721	92	8	50	0.543	1.402
chrV	16562703	16562990	288	19	119	0.413	1.564
chrV	16563206	16563355	150	18	90	0.6	1.336
chrV	16748435	16748576	142	11	71	0.5	1.242
chrV	16750357	16750468	112	12	54	0.482	1.976
chrV	16767822	16768112	291	27	142	0.488	1.574
chrV	16923415	16923531	117	23	77	0.658	1.816
chrV	17638324	17638625	302	18	139	0.46	1.127
chrV	17638918	17638999	82	5	35	0.427	1.34
chrV	17644113	17644242	130	12	65	0.5	1.48
chrV	17658660	17658729	70	5	29	0.414	1.667
chrV	17874101	17874224	124	12	63	0.508	1.509
chrV	17879420	17879517	98	9	52	0.531	1.307
chrV	17883874	17884351	478	31	191	0.4	1.628
chrV	17884923	17885136	214	16	106	0.495	1.226
chrV	17885515	17885628	114	10	61	0.535	1.253
chrV	17885871	17886022	152	20	82	0.539	1.818
chrV	17888767	17889918	1152	76	479	0.416	1.527
chrV	17893394	17893517	124	11	60	0.484	1.516
chrV	17922591	17922704	114	14	57	0.5	1.995
chrV	17923007	17923105	99	8	42	0.424	1.812
chrV	17942118	17942306	189	18	95	0.503	1.521
chrV	17959512	17959681	170	12	74	0.435	1.49
chrV	17960031	17960289	259	23	116	0.448	1.779
chrV	17960420	17960621	202	17	88	0.436	1.775
chrV	18032199	18032442	244	18	102	0.418	1.694
chrV	18045460	18045857	398	30	153	0.384	2.04
chrV	18050399	18050601	203	18	89	0.438	1.874
chrV	18051240	18051702	463	34	199	0.43	1.605
chrV	18058784	18058986	203	18	90	0.443	1.837
chrV	18059786	18060087	302	22	129	0.427	1.599
chrV	18078095	18078216	122	11	52	0.426	1.997
chrV	18127431	18127646	216	11	82	0.38	1.435
chrV	18134917	18135085	169	12	77	0.456	1.38
chrV	18136079	18136265	187	12	81	0.433	1.385
chrV	18138276	18138385	110	10	51	0.464	1.724
chrV	18178609	18178974	366	32	178	0.486	1.483
chrV	18179122	18179295	174	15	90	0.517	1.295
chrV	18338633	18339182	550	42	221	0.402	1.909
chrV	18339494	18339853	360	28	146	0.406	1.928
chrV	18392531	18392864	334	31	172	0.515	1.4
chrV	18543264	18543403	140	19	84	0.6	1.581
chrV	18545393	18545646	254	24	131	0.516	1.428
chrV	18550112	18550318	207	20	109	0.527	1.395
chrV	18858736	18858990	255	21	129	0.506	1.322
chrV	18886119	18886363	245	15	111	0.453	1.247
chrV	18897113	18897276	164	11	69	0.421	1.555
chrV	18961462	18961740	279	14	118	0.423	1.149
chrV	18972811	18972974	164	10	78	0.476	1.104
chrV	18974734	18974828	95	9	41	0.432	2.192
chrV	18985239	18985487	249	15	105	0.422	1.383
chrV	18985625	18986140	516	30	229	0.444	1.242
chrV	19003956	19004095	140	13	74	0.529	1.395
chrV	19011442	19011739	298	21	135	0.453	1.374
chrV	19066370	19066514	145	20	81	0.559	1.77
chrV	19066649	19067010	362	48	199	0.55	1.759
chrV	19067124	19067932	809	102	435	0.538	1.746
chrV	19114058	19114399	342	20	142	0.415	1.404
chrV	19114865	19115102	238	17	97	0.408	1.865
chrV	19194224	19194374	151	16	73	0.483	1.83
chrV	19270005	19270181	177	12	75	0.424	1.517
chrV	19678638	19678813	176	12	81	0.46	1.288
chrV	19685332	19685425	94	8	47	0.5	1.475
chrV	19697064	19697209	146	11	67	0.459	1.447
chrV	19698376	19698496	121	13	72	0.595	1.217
chrV	19699138	19699265	128	13	63	0.492	1.809
chrV	19760900	19761440	541	44	216	0.399	2.041
chrV	19761557	19761856	300	25	122	0.407	2.02
chrV	19761974	19762124	151	16	67	0.444	2.177
chrV	19775536	19775835	300	25	134	0.447	1.68
chrV	19933516	19933683	168	15	82	0.488	1.532
chrV	19985001	19985188	188	21	103	0.548	1.49
chrV	20247849	20247945	97	7	52	0.536	1.339
chrV	20260760	20260898	139	14	59	0.424	2.242
chrV	20265087	20265195	109	6	54	0.495	0.944
chrV	20267078	20267391	314	26	166	0.529	1.196
chrV	20267619	20267725	107	11	64	0.598	1.154
chrV	20314113	20314252	140	14	62	0.443	2.048
chrV	20393488	20393637	150	12	63	0.42	1.837
chrV	20428382	20428551	170	12	74	0.435	1.495
chrV	20428690	20428813	124	7	59	0.476	0.998
chrV	20429555	20429665	111	11	62	0.559	1.283
chrV	20489457	20489771	315	22	129	0.41	1.674
chrV	20584037	20584161	125	12	56	0.448	1.923
chrV	20585094	20585228	135	14	67	0.496	1.694
chrV	20585373	20585769	397	37	185	0.466	1.719
chrV	20602784	20602949	166	27	107	0.645	1.566
chrV	20603875	20604273	399	72	250	0.627	2.242
chrV	20698723	20698846	124	13	68	0.548	1.5
chrV	20699188	20699342	155	11	68	0.439	1.48
chrV	20700760	20701074	315	25	143	0.454	1.541
chrV	20701648	20701807	160	11	83	0.519	1.04
chrV	20703263	20703410	148	29	98	0.662	1.806
chrV	20723813	20724123	311	17	139	0.447	1.095
chrV	20734798	20734885	88	10	42	0.477	2
chrV	20841370	20841471	102	10	48	0.471	1.774
chrX	3878	4189	312	23	146	0.468	1.424
chrX	16565	16786	222	17	109	0.491	1.302
chrX	21912	22010	99	9	47	0.475	1.614
chrX	37537	37706	170	18	85	0.5	1.765
chrX	44493	44655	163	10	88	0.54	0.97
chrX	79375	79566	192	11	90	0.469	1.048
chrX	80852	80915	64	5	30	0.469	1.422
chrX	82209	82448	240	21	105	0.438	1.857
chrX	82569	82751	183	17	84	0.459	1.768
chrX	82867	83836	970	74	408	0.421	1.756
chrX	99248	99441	194	19	89	0.459	1.873
chrX	130160	130322	163	21	83	0.509	1.988
chrX	130473	130576	104	4	41	0.394	0.99
chrX	131068	131298	231	18	104	0.45	1.54
chrX	174735	174846	112	10	52	0.464	1.657
chrX	290079	290576	498	38	211	0.424	1.729
chrX	290693	290802	110	9	48	0.436	1.746
chrX	290931	291647	717	52	301	0.42	1.661
chrX	317136	317312	177	21	82	0.463	2.223
chrX	399679	399821	143	22	96	0.671	1.404
chrX	1383244	1383358	115	12	58	0.504	1.643
chrX	6869430	6869549	120	17	68	0.567	1.766
chrX	6870128	6870765	638	50	286	0.448	1.563
chrX	6871091	6871204	114	11	55	0.482	1.659
chrX	6871376	6871824	449	33	207	0.461	1.39
chrX	7078203	7078425	223	22	91	0.408	2.563
chrX	7078758	7079025	268	27	111	0.414	2.548
chrX	7351705	7358954	7250	696	3797	0.524	1.404
chrX	7359072	7360714	1643	157	864	0.526	1.386
chrX	7360832	7361034	203	21	110	0.542	1.413
chrX	7756689	7756781	93	8	46	0.495	1.55
chrX	9105907	9106140	234	28	129	0.551	1.627
chrX	10369808	10370206	399	37	212	0.531	2.28
chrX	11442987	11443122	136	12	65	0.478	1.766
chrX	12606400	12606890	491	38	251	0.511	1.24
chrX	12608801	12609021	221	15	93	0.421	1.633
chrX	12609135	12609386	252	20	123	0.488	1.423
chrX	15650386	15650593	208	29	131	0.63	1.42
chrX	15735852	15736159	308	27	130	0.422	1.991
chrX	16280866	16280974	109	15	61	0.56	1.781
chrX	16849506	16849632	127	19	78	0.614	1.613
chrX	17606089	17606235	147	8	58	0.395	1.441
